0 0.8100961538461539 0.0829326923076923 0.13581730769230768 0.14423076923076922
0 0.8581730769230769 0.18990384615384615 0.12139423076923077 0.13581730769230768
0 0.7475961538461539 0.11778846153846154 0.15264423076923078 0.15625
0 0.7524038461538461 0.23918269230769232 0.14423076923076922 0.13942307692307693
0 0.6430288461538461 0.17427884615384615 0.14543269230769232 0.15264423076923078
0 0.5300480769230769 0.1346153846153846 0.14302884615384615 0.15625
0 0.41947115384615385 0.07692307692307693 0.12740384615384615 0.15384615384615385
0 0.29086538461538464 0.11658653846153846 0.14302884615384615 0.15504807692307693
0 0.3954326923076923 0.1875 0.15264423076923078 0.15745192307692307
0 0.515625 0.25841346153846156 0.15985576923076922 0.13221153846153846
0 0.6430288461538461 0.30528846153846156 0.16346153846153846 0.15745192307692307
0 0.7644230769230769 0.3701923076923077 0.11298076923076923 0.16346153846153846
0 0.8846153846153846 0.28725961538461536 0.16105769230769232 0.15985576923076922
0 0.15384615384615385 0.14182692307692307 0.14543269230769232 0.16346153846153846
0 0.2548076923076923 0.23918269230769232 0.13942307692307693 0.140625
0 0.15264423076923078 0.35216346153846156 0.14423076923076922 0.171875
0 0.33533653846153844 0.30528846153846156 0.13581730769230768 0.16466346153846154
0 0.23557692307692307 0.4110576923076923 0.13942307692307693 0.17668269230769232
0 0.33774038461538464 0.4362980769230769 0.12139423076923077 0.15745192307692307
0 0.46634615384615385 0.3737980769230769 0.13581730769230768 0.12139423076923077
0 0.6045673076923077 0.4206730769230769 0.15745192307692307 0.14783653846153846
0 0.7175480769230769 0.4483173076923077 0.14783653846153846 0.12740384615384615
0 0.8485576923076923 0.4879807692307692 0.13581730769230768 0.14302884615384615
0 0.8918269230769231 0.38461538461538464 0.13581730769230768 0.10336538461538461
0 0.09134615384615384 0.4879807692307692 0.15144230769230768 0.171875
0 0.203125 0.5396634615384616 0.15625 0.17548076923076922
0 0.3125 0.6033653846153846 0.18870192307692307 0.20793269230769232
0 0.4338942307692308 0.6514423076923077 0.16346153846153846 0.1971153846153846
0 0.4387019230769231 0.49038461538461536 0.15264423076923078 0.15264423076923078
0 0.5661057692307693 0.5456730769230769 0.16346153846153846 0.16466346153846154
0 0.6935096153846154 0.5649038461538461 0.13341346153846154 0.16466346153846154
0 0.8185096153846154 0.578125 0.15504807692307693 0.14302884615384615
0 0.9290865384615384 0.5853365384615384 0.14182692307692307 0.17548076923076922
0 0.5528846153846154 0.7043269230769231 0.15504807692307693 0.18509615384615385
0 0.6971153846153846 0.7259615384615384 0.15745192307692307 0.17908653846153846
0 0.8221153846153846 0.7379807692307693 0.15504807692307693 0.1935096153846154
0 0.9387019230769231 0.7524038461538461 0.12259615384615384 0.16947115384615385
0 0.4639423076923077 0.8317307692307693 0.16947115384615385 0.16947115384615385
0 0.6081730769230769 0.8701923076923077 0.15144230769230768 0.18509615384615385
0 0.7139423076923077 0.8497596153846154 0.11298076923076923 0.14783653846153846
0 0.8545673076923077 0.8846153846153846 0.16105769230769232 0.1935096153846154
0 0.23317307692307693 0.7223557692307693 0.15625 0.15504807692307693
0 0.12860576923076922 0.6658653846153846 0.18509615384615385 0.16826923076923078