0 0.44471153846153844 0.11177884615384616 0.16826923076923078 0.16466346153846154
0 0.5336538461538461 0.16346153846153846 0.17668269230769232 0.14302884615384615
0 0.6298076923076923 0.24158653846153846 0.15745192307692307 0.17307692307692307
0 0.8449519230769231 0.34134615384615385 0.16826923076923078 0.18028846153846154
0 0.7211538461538461 0.3473557692307692 0.14783653846153846 0.16105769230769232
0 0.8161057692307693 0.47596153846153844 0.17548076923076922 0.16105769230769232
0 0.9387019230769231 0.43028846153846156 0.12259615384615384 0.15865384615384615
0 0.25721153846153844 0.1201923076923077 0.15625 0.16826923076923078
0 0.35336538461538464 0.18990384615384615 0.14423076923076922 0.15625
0 0.4987980769230769 0.27524038461538464 0.14903846153846154 0.16826923076923078
0 0.5961538461538461 0.4014423076923077 0.140625 0.14783653846153846
0 0.6862980769230769 0.48677884615384615 0.12139423076923077 0.12860576923076922
0 0.24158653846153846 0.27283653846153844 0.14903846153846154 0.1814903846153846
0 0.38461538461538464 0.34615384615384615 0.16105769230769232 0.17668269230769232
0 0.47596153846153844 0.4567307692307692 0.1310096153846154 0.15504807692307693
0 0.5673076923076923 0.53125 0.16706730769230768 0.14903846153846154
0 0.6862980769230769 0.6201923076923077 0.16947115384615385 0.19230769230769232
0 0.828125 0.6213942307692307 0.17548076923076922 0.19230769230769232
0 0.10697115384615384 0.17548076923076922 0.12860576923076922 0.15504807692307693
0 0.12379807692307693 0.2932692307692308 0.17548076923076922 0.15264423076923078
0 0.2704326923076923 0.39663461538461536 0.13221153846153846 0.13701923076923078
0 0.36177884615384615 0.47836538461538464 0.16346153846153846 0.16346153846153846
0 0.44350961538461536 0.5805288461538461 0.14423076923076922 0.14783653846153846
0 0.5637019230769231 0.6418269230769231 0.15625 0.15625
0 0.5805288461538461 0.7524038461538461 0.19230769230769232 0.16466346153846154
0 0.13942307692307693 0.4110576923076923 0.14302884615384615 0.13581730769230768
0 0.2247596153846154 0.4879807692307692 0.16105769230769232 0.15144230769230768
0 0.30649038461538464 0.5769230769230769 0.14543269230769232 0.16466346153846154
0 0.4362980769230769 0.6742788461538461 0.14423076923076922 0.15985576923076922
0 0.3112980769230769 0.7175480769230769 0.15264423076923078 0.16105769230769232
0 0.36177884615384615 0.7944711538461539 0.14903846153846154 0.16346153846153846
0 0.47475961538461536 0.8185096153846154 0.15264423076923078 0.2091346153846154
0 0.5516826923076923 0.8966346153846154 0.1814903846153846 0.17668269230769232
0 0.7151442307692307 0.7271634615384616 0.12860576923076922 0.14903846153846154
0 0.8173076923076923 0.75 0.14423076923076922 0.14903846153846154
0 0.9110576923076923 0.7800480769230769 0.1778846153846154 0.17908653846153846
0 0.17908653846153846 0.5901442307692307 0.16466346153846154 0.16826923076923078
0 0.09375 0.47716346153846156 0.13221153846153846 0.15504807692307693
0 0.18990384615384615 0.7560096153846154 0.14903846153846154 0.171875
0 0.22115384615384615 0.9074519230769231 0.16826923076923078 0.16947115384615385
0 0.35336538461538464 0.8894230769230769 0.13942307692307693 0.19951923076923078