0 0.08774038461538461 0.11298076923076923 0.17548076923076922 0.19230769230769232
0 0.22355769230769232 0.13341346153846154 0.16346153846153846 0.18870192307692307
0 0.12139423076923077 0.27403846153846156 0.13221153846153846 0.1622596153846154
0 0.21634615384615385 0.27403846153846156 0.12139423076923077 0.13221153846153846
0 0.3605769230769231 0.15625 0.1502403846153846 0.15745192307692307
0 0.34134615384615385 0.2692307692307692 0.14903846153846154 0.1466346153846154
0 0.484375 0.265625 0.171875 0.20072115384615385
0 0.5661057692307693 0.140625 0.171875 0.1502403846153846
0 0.47475961538461536 0.06490384615384616 0.14543269230769232 0.12980769230769232
0 0.7487980769230769 0.1971153846153846 0.16346153846153846 0.15504807692307693
0 0.8990384615384616 0.24278846153846154 0.14903846153846154 0.1658653846153846
0 0.6454326923076923 0.2704326923076923 0.17067307692307693 0.17908653846153846
0 0.7848557692307693 0.28846153846153844 0.1622596153846154 0.15144230769230768
0 0.18629807692307693 0.43028846153846156 0.171875 0.18028846153846154
0 0.5925480769230769 0.3762019230769231 0.16346153846153846 0.14302884615384615
0 0.7391826923076923 0.39903846153846156 0.15865384615384615 0.13341346153846154
0 0.8834134615384616 0.3737980769230769 0.15144230769230768 0.14302884615384615
0 0.5264423076923077 0.47716346153846156 0.125 0.17067307692307693
0 0.7055288461538461 0.5216346153846154 0.140625 0.1622596153846154
0 0.8389423076923077 0.5036057692307693 0.14543269230769232 0.171875
0 0.41346153846153844 0.5336538461538461 0.1778846153846154 0.19951923076923078
0 0.27283653846153844 0.5180288461538461 0.1502403846153846 0.17548076923076922
0 0.0985576923076923 0.5973557692307693 0.13822115384615385 0.140625
0 0.08413461538461539 0.47475961538461536 0.16105769230769232 0.15865384615384615
0 0.1778846153846154 0.6454326923076923 0.14903846153846154 0.15865384615384615
0 0.31009615384615385 0.6430288461538461 0.1502403846153846 0.16346153846153846
0 0.4495192307692308 0.671875 0.171875 0.17427884615384615
0 0.6346153846153846 0.6911057692307693 0.18028846153846154 0.16346153846153846
0 0.7932692307692307 0.7151442307692307 0.14903846153846154 0.17427884615384615
0 0.9086538461538461 0.7680288461538461 0.13822115384615385 0.1502403846153846
0 0.3425480769230769 0.7475961538461539 0.1201923076923077 0.12860576923076922
0 0.21754807692307693 0.8004807692307693 0.21394230769230768 0.17908653846153846
0 0.6814903846153846 0.7932692307692307 0.10336538461538461 0.10697115384615384
0 0.578125 0.8990384615384616 0.17067307692307693 0.19951923076923078
0 0.7199519230769231 0.9038461538461539 0.13221153846153846 0.15384615384615385
0 0.7980769230769231 0.8173076923076923 0.11298076923076923 0.11538461538461539
0 0.8617788461538461 0.9182692307692307 0.15144230769230768 0.16346153846153846