0 0.17427884615384615 0.13822115384615385 0.15985576923076922 0.16947115384615385
0 0.30408653846153844 0.1310096153846154 0.12860576923076922 0.15985576923076922
0 0.41225961538461536 0.1658653846153846 0.14543269230769232 0.19110576923076922
0 0.7175480769230769 0.09254807692307693 0.14543269230769232 0.15745192307692307
0 0.8040865384615384 0.14302884615384615 0.140625 0.14783653846153846
0 0.9038461538461539 0.14783653846153846 0.13822115384615385 0.17427884615384615
0 0.9110576923076923 0.33052884615384615 0.15504807692307693 0.15264423076923078
0 0.796875 0.296875 0.16826923076923078 0.1778846153846154
0 0.6790865384615384 0.24278846153846154 0.1346153846153846 0.13581730769230768
0 0.5853365384615384 0.13581730769230768 0.15745192307692307 0.17908653846153846
0 0.49399038461538464 0.25841346153846156 0.16826923076923078 0.18389423076923078
0 0.6237980769230769 0.33413461538461536 0.15384615384615385 0.13942307692307693
0 0.7007211538461539 0.40384615384615385 0.13581730769230768 0.1502403846153846
0 0.8076923076923077 0.4362980769230769 0.09615384615384616 0.09495192307692307
0 0.25841346153846156 0.2956730769230769 0.109375 0.11057692307692307
0 0.3894230769230769 0.3245192307692308 0.16346153846153846 0.13942307692307693
0 0.5516826923076923 0.4326923076923077 0.17307692307692307 0.13822115384615385
0 0.6694711538461539 0.5396634615384616 0.16466346153846154 0.1346153846153846
0 0.796875 0.5612980769230769 0.17427884615384615 0.18389423076923078
0 0.8966346153846154 0.6141826923076923 0.16826923076923078 0.1502403846153846
0 0.7764423076923077 0.7043269230769231 0.14302884615384615 0.11658653846153846
0 0.8882211538461539 0.7271634615384616 0.15264423076923078 0.17908653846153846
0 0.9399038461538461 0.8413461538461539 0.1201923076923077 0.1346153846153846
0 0.46033653846153844 0.5733173076923077 0.12379807692307693 0.12620192307692307
0 0.5228365384615384 0.6766826923076923 0.16466346153846154 0.13942307692307693
0 0.6826923076923077 0.8197115384615384 0.17307692307692307 0.15264423076923078
0 0.7415865384615384 0.9146634615384616 0.15264423076923078 0.15985576923076922
0 0.16466346153846154 0.4338942307692308 0.1778846153846154 0.15865384615384615
0 0.24158653846153846 0.484375 0.12620192307692307 0.14423076923076922
0 0.296875 0.5480769230769231 0.13822115384615385 0.15985576923076922
0 0.359375 0.6358173076923077 0.16346153846153846 0.14543269230769232
0 0.3713942307692308 0.7427884615384616 0.171875 0.15504807692307693
0 0.4699519230769231 0.7836538461538461 0.14423076923076922 0.12860576923076922
0 0.5625 0.7836538461538461 0.12139423076923077 0.1346153846153846
0 0.6057692307692307 0.9170673076923077 0.1346153846153846 0.12860576923076922
0 0.5084134615384616 0.9002403846153846 0.1502403846153846 0.13581730769230768
0 0.3701923076923077 0.8653846153846154 0.14423076923076922 0.13822115384615385
0 0.1346153846153846 0.6334134615384616 0.15985576923076922 0.13341346153846154
0 0.19591346153846154 0.7199519230769231 0.15384615384615385 0.15504807692307693
0 0.22716346153846154 0.8377403846153846 0.16346153846153846 0.16947115384615385
0 0.1141826923076923 0.9170673076923077 0.17307692307692307 0.15384615384615385