0 0.8762019230769231 0.15504807692307693 0.17307692307692307 0.15745192307692307
0 0.7163461538461539 0.16826923076923078 0.16706730769230768 0.17548076923076922
0 0.9146634615384616 0.27163461538461536 0.140625 0.13701923076923078
0 0.9086538461538461 0.3942307692307692 0.14903846153846154 0.16947115384615385
0 0.78125 0.26322115384615385 0.14783653846153846 0.140625
0 0.7860576923076923 0.3762019230769231 0.14423076923076922 0.140625
0 0.47115384615384615 0.11298076923076923 0.17307692307692307 0.16346153846153846
0 0.5745192307692307 0.19591346153846154 0.15264423076923078 0.15745192307692307
0 0.6057692307692307 0.3112980769230769 0.17307692307692307 0.15144230769230768
0 0.6442307692307693 0.42908653846153844 0.15625 0.16826923076923078
0 0.7596153846153846 0.49759615384615385 0.16947115384615385 0.16947115384615385
0 0.3545673076923077 0.18990384615384615 0.19110576923076922 0.20793269230769232
0 0.43149038461538464 0.3004807692307692 0.20072115384615385 0.19951923076923078
0 0.5300480769230769 0.40865384615384615 0.15985576923076922 0.18870192307692307
0 0.6129807692307693 0.5721153846153846 0.16826923076923078 0.17668269230769232
0 0.7920673076923077 0.6201923076923077 0.1875 0.18028846153846154
0 0.8040865384615384 0.7620192307692307 0.17307692307692307 0.15264423076923078
0 0.8088942307692307 0.8846153846153846 0.18509615384615385 0.15264423076923078
0 0.6358173076923077 0.7055288461538461 0.17668269230769232 0.19591346153846154
0 0.6622596153846154 0.8305288461538461 0.16466346153846154 0.15745192307692307
0 0.4879807692307692 0.5456730769230769 0.125 0.109375
0 0.5 0.6959134615384616 0.19230769230769232 0.19591346153846154
0 0.5216346153846154 0.8305288461538461 0.14783653846153846 0.15504807692307693
0 0.20072115384615385 0.265625 0.18870192307692307 0.21514423076923078
0 0.21394230769230768 0.4338942307692308 0.1971153846153846 0.17668269230769232
0 0.3389423076923077 0.5012019230769231 0.20432692307692307 0.18509615384615385
0 0.3389423076923077 0.6394230769230769 0.2283653846153846 0.12860576923076922
0 0.33533653846153844 0.75 0.20793269230769232 0.13942307692307693
0 0.30528846153846156 0.8725961538461539 0.140625 0.16466346153846154
0 0.13221153846153846 0.5877403846153846 0.13701923076923078 0.15985576923076922
0 0.17307692307692307 0.7235576923076923 0.16346153846153846 0.15264423076923078
0 0.203125 0.8461538461538461 0.16466346153846154 0.15625
0 0.0889423076923077 0.8581730769230769 0.14783653846153846 0.17668269230769232
0 0.07451923076923077 0.7295673076923077 0.13942307692307693 0.16105769230769232