0 0.20432692307692307 0.13701923076923078 0.18870192307692307 0.171875
0 0.09254807692307693 0.38341346153846156 0.171875 0.18509615384615385
0 0.15865384615384615 0.4855769230769231 0.15625 0.17908653846153846
0 0.17307692307692307 0.6213942307692307 0.15504807692307693 0.140625
0 0.08533653846153846 0.6935096153846154 0.17067307692307693 0.1658653846153846
0 0.21754807692307693 0.7235576923076923 0.14783653846153846 0.16947115384615385
0 0.26322115384615385 0.8233173076923077 0.13581730769230768 0.15264423076923078
0 0.16947115384615385 0.8798076923076923 0.203125 0.14302884615384615
0 0.2920673076923077 0.5336538461538461 0.17548076923076922 0.19951923076923078
0 0.33774038461538464 0.6682692307692307 0.13942307692307693 0.1814903846153846
0 0.5060096153846154 0.8701923076923077 0.21514423076923078 0.20432692307692307
0 0.23557692307692307 0.2536057692307692 0.1814903846153846 0.18028846153846154
0 0.3016826923076923 0.37259615384615385 0.17307692307692307 0.171875
0 0.4182692307692308 0.4567307692307692 0.19110576923076922 0.203125
0 0.5264423076923077 0.5276442307692307 0.16346153846153846 0.15144230769230768
0 0.35697115384615385 0.12139423076923077 0.16826923076923078 0.16466346153846154
0 0.37740384615384615 0.2704326923076923 0.15625 0.17668269230769232
0 0.47716346153846156 0.3545673076923077 0.140625 0.15625
0 0.5492788461538461 0.28125 0.14423076923076922 0.16706730769230768
0 0.4831730769230769 0.18269230769230768 0.19110576923076922 0.1935096153846154
0 0.5901442307692307 0.4182692307692308 0.15625 0.14302884615384615
0 0.6538461538461539 0.3137019230769231 0.11298076923076923 0.11538461538461539
0 0.7908653846153846 0.21153846153846154 0.16947115384615385 0.15144230769230768
0 0.7608173076923077 0.33653846153846156 0.1201923076923077 0.1814903846153846
0 0.7319711538461539 0.4362980769230769 0.13341346153846154 0.16826923076923078
0 0.6478365384615384 0.5576923076923077 0.12860576923076922 0.17307692307692307
0 0.8786057692307693 0.359375 0.15625 0.18389423076923078
0 0.7896634615384616 0.07932692307692307 0.16826923076923078 0.15745192307692307
0 0.9002403846153846 0.11778846153846154 0.13581730769230768 0.14543269230769232
0 0.9242788461538461 0.2403846153846154 0.13341346153846154 0.15144230769230768
0 0.8653846153846154 0.5132211538461539 0.13341346153846154 0.171875
0 0.6983173076923077 0.8341346153846154 0.18509615384615385 0.1814903846153846
0 0.8293269230769231 0.6201923076923077 0.18509615384615385 0.22115384615384615
0 0.8245192307692307 0.7728365384615384 0.15985576923076922 0.1814903846153846
0 0.7944711538461539 0.8846153846153846 0.15985576923076922 0.15985576923076922
0 0.9026442307692307 0.8557692307692307 0.16466346153846154 0.17307692307692307