0 0.3870192307692308 0.15745192307692307 0.13221153846153846 0.13942307692307693
0 0.5060096153846154 0.18269230769230768 0.16105769230769232 0.1971153846153846
0 0.6286057692307693 0.15985576923076922 0.14783653846153846 0.14783653846153846
0 0.6262019230769231 0.28725961538461536 0.19591346153846154 0.18870192307692307
0 0.7608173076923077 0.16346153846153846 0.17908653846153846 0.16826923076923078
0 0.8990384615384616 0.17067307692307693 0.16706730769230768 0.14903846153846154
0 0.9194711538461539 0.2512019230769231 0.13221153846153846 0.12740384615384615
0 0.7716346153846154 0.28725961538461536 0.13581730769230768 0.1310096153846154
0 0.8076923076923077 0.36177884615384615 0.16346153846153846 0.17908653846153846
0 0.14543269230769232 0.28365384615384615 0.15745192307692307 0.17548076923076922
0 0.2620192307692308 0.3317307692307692 0.12139423076923077 0.14543269230769232
0 0.3737980769230769 0.36778846153846156 0.12740384615384615 0.15504807692307693
0 0.4831730769230769 0.40384615384615385 0.14302884615384615 0.16105769230769232
0 0.5769230769230769 0.4375 0.11298076923076923 0.1201923076923077
0 0.19471153846153846 0.40625 0.14543269230769232 0.13942307692307693
0 0.2608173076923077 0.4831730769230769 0.171875 0.15985576923076922
0 0.4026442307692308 0.49759615384615385 0.13581730769230768 0.15985576923076922
0 0.5096153846153846 0.5336538461538461 0.13701923076923078 0.16466346153846154
0 0.6310096153846154 0.5504807692307693 0.11538461538461539 0.13221153846153846
0 0.7319711538461539 0.5901442307692307 0.12740384615384615 0.16105769230769232
0 0.8569711538461539 0.6262019230769231 0.140625 0.15745192307692307
0 0.5300480769230769 0.65625 0.14423076923076922 0.15144230769230768
0 0.6394230769230769 0.6850961538461539 0.15625 0.16466346153846154
0 0.7764423076923077 0.7223557692307693 0.15144230769230768 0.16105769230769232
0 0.9026442307692307 0.7560096153846154 0.16346153846153846 0.16826923076923078
0 0.33653846153846156 0.5805288461538461 0.16466346153846154 0.15745192307692307
0 0.41225961538461536 0.65625 0.15504807692307693 0.15985576923076922
0 0.5144230769230769 0.7704326923076923 0.16706730769230768 0.15745192307692307
0 0.6442307692307693 0.8185096153846154 0.14423076923076922 0.140625
0 0.7980769230769231 0.8461538461538461 0.140625 0.14302884615384615
0 0.7259615384615384 0.8834134615384616 0.11538461538461539 0.18389423076923078
0 0.5336538461538461 0.8870192307692307 0.13341346153846154 0.17668269230769232
0 0.40865384615384615 0.8365384615384616 0.15504807692307693 0.16826923076923078
0 0.3317307692307692 0.7524038461538461 0.16826923076923078 0.13701923076923078
0 0.2283653846153846 0.6634615384615384 0.17908653846153846 0.15625
0 0.15504807692307693 0.5600961538461539 0.16346153846153846 0.16706730769230768
0 0.1045673076923077 0.6899038461538461 0.12379807692307693 0.15745192307692307
0 0.203125 0.7824519230769231 0.14903846153846154 0.1310096153846154
0 0.2824519230769231 0.8846153846153846 0.13942307692307693 0.14903846153846154
0 0.13942307692307693 0.9086538461538461 0.19951923076923078 0.18269230769230768