0 0.4234375 0.21796875 0.1515625 0.17578125
1 0.56015625 0.20078125 0.1671875 0.19609375
0 0.16796875 0.23359375 0.175 0.17890625
0 0.21171875 0.35 0.13984375 0.16875
0 0.0984375 0.35859375 0.078125 0.09375
0 0.1390625 0.696875 0.12578125 0.1484375
0 0.1296875 0.85 0.15625 0.1703125
0 0.909375 0.09453125 0.1359375 0.15703125
0 0.87578125 0.3609375 0.1375 0.115625
0 0.73984375 0.378125 0.10859375 0.12734375
0 0.58828125 0.3890625 0.096875 0.10234375
0 0.46640625 0.44140625 0.1375 0.1484375
0 0.34296875 0.53046875 0.13125 0.16640625
0 0.3359375 0.6671875 0.134375 0.13828125
0 0.44765625 0.63125 0.14140625 0.1671875
0 0.5921875 0.5390625 0.15 0.1515625
0 0.73359375 0.51328125 0.153125 0.17734375
0 0.878125 0.496875 0.13828125 0.16484375
1 0.8828125 0.65625 0.14609375 0.1546875
0 0.5796875 0.6625 0.12265625 0.11875
0 0.83671875 0.775 0.10234375 0.115625
0 0.90625 0.8921875 0.1359375 0.1734375
0 0.78203125 0.91015625 0.12578125 0.16328125
0 0.67265625 0.83359375 0.12734375 0.11953125
0 0.40234375 0.80703125 0.13125 0.13828125
0 0.49140625 0.734375 0.153125 0.12421875