0 0.20859375 0.1421875 0.1359375 0.13125
0 0.16875 0.24765625 0.14765625 0.1546875
0 0.2765625 0.0859375 0.1453125 0.15078125
0 0.42109375 0.125 0.13203125 0.13359375
0 0.16640625 0.4046875 0.153125 0.1578125
0 0.2765625 0.48828125 0.16015625 0.1921875
0 0.3671875 0.425 0.10859375 0.12421875
0 0.15703125 0.5859375 0.2140625 0.25234375
0 0.24140625 0.6453125 0.17734375 0.153125
0 0.196875 0.78515625 0.16015625 0.13828125
0 0.0875 0.8765625 0.1171875 0.1859375
0 0.29375 0.8671875 0.1625 0.1796875
0 0.3625 0.73984375 0.16796875 0.2171875
0 0.47734375 0.7921875 0.17578125 0.21875
0 0.575 0.678125 0.146875 0.1359375
0 0.62578125 0.82109375 0.1421875 0.15078125
0 0.70234375 0.69921875 0.12734375 0.15078125
0 0.84375 0.71953125 0.1625 0.1828125
0 0.7578125 0.84375 0.12421875 0.13984375
0 0.903125 0.86875 0.13046875 0.1640625
1 0.44375 0.4796875 0.11484375 0.10625
0 0.5765625 0.51171875 0.1484375 0.159375
0 0.83046875 0.54375 0.11953125 0.15
0 0.75859375 0.43984375 0.13046875 0.1515625
0 0.803125 0.21328125 0.16171875 0.16640625
0 0.859375 0.0890625 0.16171875 0.13828125
0 0.8625 0.32734375 0.13828125 0.1625
1 0.91328125 0.4578125 0.1390625 0.159375
1 0.18671875 0.92734375 0.1484375 0.1453125