0 0.09609375 0.0921875 0.16875 0.1296875
0 0.1015625 0.32265625 0.140625 0.16328125
1 0.16328125 0.46171875 0.11171875 0.14609375
0 0.06953125 0.54609375 0.11953125 0.1453125
0 0.2 0.56328125 0.09140625 0.11640625
0 0.084375 0.72265625 0.15625 0.18046875
0 0.14140625 0.8609375 0.13671875 0.1671875
0 0.27734375 0.88828125 0.16875 0.1765625
0 0.35625 0.2140625 0.1546875 0.15703125
0 0.446875 0.2296875 0.10859375 0.11484375
0 0.25 0.35078125 0.1484375 0.171875
0 0.39375 0.36796875 0.1578125 0.2046875
0 0.29375 0.47890625 0.128125 0.140625
0 0.33984375 0.5734375 0.1625 0.16328125
0 0.3640625 0.68046875 0.11015625 0.1140625
0 0.4453125 0.790625 0.14921875 0.14453125
0 0.4328125 0.91953125 0.165625 0.1484375
0 0.43359375 0.4953125 0.1 0.14296875
0 0.48046875 0.11640625 0.15625 0.16484375
0 0.63125 0.1109375 0.14765625 0.13125
0 0.53671875 0.38671875 0.1546875 0.16953125
0 0.60390625 0.26953125 0.1296875 0.15
0 0.5859375 0.5140625 0.146875 0.175
0 0.65390625 0.64921875 0.165625 0.16328125
0 0.7125 0.7421875 0.13515625 0.15078125
0 0.5875 0.91875 0.1453125 0.1171875
0 0.62421875 0.84140625 0.14609375 0.1453125
0 0.7875 0.92890625 0.1828125 0.1421875
0 0.7546875 0.83359375 0.10859375 0.1078125
0 0.77109375 0.66484375 0.11875 0.12421875
0 0.73984375 0.52890625 0.1546875 0.171875
0 0.71171875 0.3734375 0.1796875 0.18125
0 0.7328125 0.1703125 0.1609375 0.19765625
0 0.87734375 0.19375 0.17109375 0.171875
0 0.81875 0.2953125 0.1390625 0.12890625
0 0.915625 0.32734375 0.10625 0.13125
0 0.8328125 0.44140625 0.16328125 0.15703125
0 0.884375 0.5625 0.15703125 0.1671875
0 0.91875 0.6875 0.16171875 0.134375
0 0.85625 0.8203125 0.1328125 0.134375
0 0.9421875 0.81640625 0.115625 0.14609375