0 0.11171875 0.19375 0.171875 0.16875
0 0.153125 0.3265625 0.1125 0.13828125
0 0.13515625 0.5515625 0.165625 0.17109375
0 0.1625 0.68125 0.16484375 0.1390625
0 0.190625 0.809375 0.1484375 0.165625
0 0.10234375 0.83125 0.14296875 0.17265625
0 0.33515625 0.19296875 0.17421875 0.19375
0 0.4109375 0.30625 0.13984375 0.1671875
0 0.4265625 0.07265625 0.14453125 0.12734375
0 0.4859375 0.190625 0.15078125 0.16796875
0 0.575 0.0828125 0.15703125 0.14453125
0 0.6515625 0.18125 0.15078125 0.13984375
0 0.575 0.29765625 0.1625 0.15546875
0 0.503125 0.4109375 0.13828125 0.1484375
0 0.43984375 0.5296875 0.13515625 0.16796875
0 0.81171875 0.15703125 0.1453125 0.140625
0 0.91171875 0.24140625 0.1609375 0.1703125
0 0.73828125 0.31640625 0.17109375 0.18203125
0 0.659375 0.41484375 0.18203125 0.16875
0 0.5796875 0.5171875 0.13359375 0.14609375
0 0.50703125 0.621875 0.1328125 0.15234375
0 0.74375 0.53125 0.1546875 0.1734375
0 0.875 0.3953125 0.165625 0.159375
0 0.93828125 0.49765625 0.1234375 0.1265625
0 0.86171875 0.55234375 0.13125 0.140625
0 0.66328125 0.625 0.15234375 0.153125
0 0.81328125 0.63359375 0.1484375 0.13515625
0 0.8796875 0.74375 0.16796875 0.18046875
0 0.7328125 0.7265625 0.16328125 0.15234375
0 0.5859375 0.74296875 0.15546875 0.1359375
0 0.4921875 0.82421875 0.1390625 0.15546875
0 0.6578125 0.8515625 0.15625 0.1515625
0 0.82265625 0.865625 0.159375 0.1609375