0 0.08515625 0.1953125 0.1328125 0.16328125
0 0.228125 0.18671875 0.15078125 0.159375
0 0.375 0.18125 0.15703125 0.17734375
0 0.52265625 0.178125 0.1390625 0.16171875
0 0.7859375 0.1734375 0.09765625 0.12421875
0 0.7390625 0.2921875 0.15078125 0.15078125
0 0.596875 0.3 0.1421875 0.16875
0 0.146875 0.31015625 0.13671875 0.1453125
0 0.28046875 0.4203125 0.159375 0.19921875
0 0.43828125 0.3171875 0.10390625 0.12734375
0 0.428125 0.4765625 0.184375 0.21015625
0 0.53359375 0.40546875 0.109375 0.09765625
0 0.6796875 0.43046875 0.13828125 0.13046875
0 0.82578125 0.41015625 0.1296875 0.13359375
0 0.1296875 0.5921875 0.109375 0.1234375
0 0.284375 0.62890625 0.14453125 0.14765625
0 0.55234375 0.5625 0.16640625 0.21953125
0 0.71328125 0.55078125 0.153125 0.10625
0 0.68671875 0.671875 0.15625 0.1578125
0 0.85234375 0.5734375 0.1203125 0.10390625
0 0.8140625 0.69921875 0.16953125 0.18984375
0 0.41484375 0.6984375 0.07421875 0.0890625
0 0.4765625 0.80078125 0.13203125 0.14765625
0 0.15 0.7140625 0.13203125 0.16640625
0 0.30390625 0.75859375 0.1453125 0.1515625
0 0.615625 0.83515625 0.1453125 0.16875
0 0.82421875 0.9046875 0.0953125 0.0984375
0 0.93359375 0.7921875 0.13203125 0.1609375