0 0.26171875 0.09140625 0.13984375 0.16015625
0 0.40703125 0.0875 0.15546875 0.1484375
0 0.5484375 0.08125 0.13359375 0.13203125
0 0.703125 0.08125 0.13671875 0.13359375
0 0.84375 0.0703125 0.10546875 0.1171875
0 0.1828125 0.22421875 0.153125 0.17109375
0 0.32890625 0.22109375 0.1484375 0.15859375
0 0.4828125 0.196875 0.153125 0.15859375
0 0.6265625 0.20546875 0.125 0.13671875
0 0.77734375 0.2046875 0.1109375 0.1234375
0 0.1953125 0.46484375 0.146875 0.16640625
0 0.4078125 0.33984375 0.1578125 0.16484375
0 0.56875 0.3375 0.1578125 0.15234375
0 0.34921875 0.4609375 0.1609375 0.1765625
0 0.50078125 0.459375 0.15625 0.17109375
0 0.1375 0.59609375 0.1671875 0.17578125
0 0.278125 0.5875 0.1546875 0.1703125
0 0.43203125 0.590625 0.1609375 0.1734375
1 0.584375 0.5875 0.134375 0.15234375
1 0.7203125 0.5734375 0.11875 0.12734375
1 0.8640625 0.56953125 0.09609375 0.10078125
0 0.79765625 0.69921875 0.125 0.13828125
0 0.5078125 0.7140625 0.11640625 0.13828125
0 0.2109375 0.72421875 0.1578125 0.175
0 0.43828125 0.84296875 0.14296875 0.146875
0 0.29921875 0.8515625 0.13359375 0.140625
0 0.153125 0.85625 0.16171875 0.1609375
0 0.71796875 0.859375 0.09453125 0.090625
0 0.878125 0.8234375 0.14609375 0.15859375
0 0.9296875 0.440625 0.140625 0.15078125