0 0.0828125 0.06171875 0.1046875 0.0984375
1 0.2296875 0.0546875 0.09296875 0.08671875
1 0.3046875 0.1796875 0.1421875 0.14140625
0 0.45546875 0.1734375 0.12265625 0.13359375
0 0.5921875 0.16640625 0.14453125 0.1453125
0 0.746875 0.159375 0.1140625 0.13046875
0 0.8234375 0.28203125 0.12109375 0.1484375
0 0.67265625 0.2875 0.1375 0.15703125
0 0.5265625 0.28984375 0.12421875 0.13359375
0 0.37734375 0.30625 0.12421875 0.1421875
0 0.2375 0.303125 0.14375 0.16796875
0 0.171875 0.4390625 0.1515625 0.1453125
0 0.321875 0.43125 0.1515625 0.16875
0 0.4609375 0.42734375 0.12421875 0.13515625
0 0.60625 0.41953125 0.12421875 0.13515625
0 0.7421875 0.4046875 0.12265625 0.1234375
1 0.10390625 0.57109375 0.0921875 0.09453125
0 0.24375 0.56796875 0.12734375 0.13125
0 0.3890625 0.56171875 0.09453125 0.1109375
0 0.53984375 0.54609375 0.11875 0.12109375
0 0.67890625 0.5359375 0.1359375 0.1578125
0 0.82421875 0.528125 0.1140625 0.13203125
0 0.76171875 0.65390625 0.1203125 0.134375
0 0.61640625 0.66171875 0.14765625 0.1546875
0 0.4671875 0.671875 0.128125 0.1640625
0 0.328125 0.690625 0.12734375 0.14765625
0 0.18125 0.69140625 0.14921875 0.1625
0 0.1203125 0.81953125 0.1515625 0.15859375
0 0.54609375 0.796875 0.12578125 0.15625
0 0.703125 0.790625 0.14921875 0.16796875
0 0.840625 0.77734375 0.1265625 0.15234375
0 0.39140625 0.85078125 0.1234375 0.125
0 0.628125 0.9234375 0.1296875 0.15
0 0.77421875 0.903125 0.11484375 0.13046875
0 0.9109375 0.9046875 0.15703125 0.17421875
1 0.51796875 0.0546875 0.1203125 0.08515625
0 0.34296875 0.9296875 0.14296875 0.13984375
0 0.4875 0.9203125 0.15859375 0.159375