0 0.10546875 0.10703125 0.14375 0.1625
0 0.1875 0.17734375 0.14609375 0.1484375
0 0.1453125 0.26875 0.16171875 0.153125
0 0.2921875 0.10078125 0.1671875 0.159375
0 0.4234375 0.1734375 0.1375 0.153125
0 0.56953125 0.20390625 0.15 0.16875
0 0.71328125 0.2375 0.1015625 0.1203125
0 0.7546875 0.07421875 0.15078125 0.1453125
0 0.90546875 0.09609375 0.12421875 0.1484375
0 0.909375 0.2515625 0.1296875 0.14296875
0 0.3125 0.303125 0.12421875 0.128125
0 0.434375 0.50078125 0.1859375 0.20234375
0 0.6609375 0.48671875 0.16796875 0.16484375
0 0.80546875 0.4453125 0.140625 0.1734375
0 0.7046875 0.56328125 0.13984375 0.140625
0 0.44765625 0.653125 0.1515625 0.15
0 0.59609375 0.66328125 0.1484375 0.17421875
0 0.35546875 0.76953125 0.14140625 0.140625
0 0.19609375 0.75234375 0.10703125 0.109375
0 0.10390625 0.88515625 0.1234375 0.1375
0 0.2515625 0.91171875 0.1828125 0.1765625
0 0.6375 0.7765625 0.10703125 0.10859375
0 0.69140625 0.8484375 0.11796875 0.1296875
0 0.75078125 0.6796875 0.18515625 0.19921875
0 0.89765625 0.54375 0.15546875 0.1328125
0 0.82890625 0.81875 0.16171875 0.23828125