0 0.21328125 0.11796875 0.15859375 0.16640625
0 0.1359375 0.20078125 0.12578125 0.1484375
0 0.21484375 0.325 0.1515625 0.14609375
0 0.1265625 0.45703125 0.14453125 0.178125
0 0.25 0.47109375 0.12890625 0.16015625
0 0.37578125 0.46796875 0.14921875 0.16640625
0 0.29296875 0.2328125 0.134375 0.14375
0 0.3109375 0.0671875 0.0765625 0.0828125
0 0.36796875 0.1390625 0.14453125 0.14921875
0 0.49375 0.15625 0.1328125 0.13359375
0 0.42890625 0.2546875 0.13359375 0.12421875
0 0.56640625 0.2640625 0.14453125 0.1734375
0 0.4671875 0.35078125 0.12421875 0.14296875
0 0.53671875 0.47421875 0.16171875 0.14921875
0 0.82734375 0.06015625 0.10703125 0.103125
0 0.696875 0.28828125 0.13046875 0.17109375
0 0.82109375 0.31484375 0.1234375 0.1515625
0 0.6328125 0.3734375 0.1609375 0.14140625
0 0.67890625 0.49765625 0.140625 0.12578125
0 0.75234375 0.4125 0.13359375 0.16796875
0 0.8734375 0.42890625 0.13359375 0.1375
0 0.8046875 0.52109375 0.09296875 0.13515625
0 0.90859375 0.53671875 0.1296875 0.13203125
0 0.6984375 0.61015625 0.13671875 0.14453125
0 0.609375 0.5828125 0.10546875 0.128125
0 0.9234375 0.62734375 0.065625 0.0875
0 0.47890625 0.59609375 0.075 0.08359375
0 0.53671875 0.7671875 0.13984375 0.18203125
0 0.62265625 0.75546875 0.0984375 0.1328125
0 0.66796875 0.8421875 0.17578125 0.18203125
0 0.81796875 0.834375 0.14609375 0.153125
0 0.371875 0.7546875 0.1703125 0.16875
0 0.36171875 0.896875 0.17265625 0.1671875
0 0.20390625 0.9 0.096875 0.12578125
0 0.27265625 0.903125 0.10078125 0.10234375
0 0.21171875 0.77890625 0.1484375 0.146875