1 0.79453125 0.615625 0.1078125 0.1203125
0 0.1546875 0.1234375 0.11328125 0.12265625
0 0.18984375 0.2453125 0.16796875 0.1828125
0 0.16953125 0.4734375 0.1515625 0.15859375
0 0.4890625 0.359375 0.13203125 0.13671875
0 0.55390625 0.23671875 0.1609375 0.1703125
0 0.7015625 0.228125 0.14453125 0.1828125
0 0.61484375 0.109375 0.14453125 0.146875
0 0.76953125 0.1015625 0.14296875 0.14296875
0 0.84921875 0.2265625 0.1484375 0.15546875
0 0.91328125 0.096875 0.14296875 0.153125
0 0.446875 0.09453125 0.1203125 0.14375
0 0.284375 0.11640625 0.12265625 0.146875
0 0.64140625 0.359375 0.13046875 0.1328125
1 0.86953125 0.73359375 0.15078125 0.14921875
1 0.20859375 0.596875 0.12578125 0.1265625
0 0.79296875 0.846875 0.1203125 0.11796875
0 0.9375 0.83828125 0.109375 0.13046875