0 0.1546875 0.09921875 0.15546875 0.15390625
0 0.3015625 0.090625 0.13671875 0.14609375
0 0.4390625 0.08515625 0.1375 0.14140625
0 0.7140625 0.09765625 0.090625 0.0875
0 0.8828125 0.07265625 0.153125 0.14453125
0 0.08671875 0.22890625 0.14453125 0.15703125
0 0.23125 0.21796875 0.1125 0.1125
0 0.38046875 0.21484375 0.14140625 0.13203125
0 0.51875 0.20703125 0.15625 0.14453125
0 0.671875 0.19921875 0.15 0.1375
0 0.8125 0.18515625 0.134375 0.14921875
0 0.31953125 0.34140625 0.13125 0.12734375
0 0.47265625 0.32109375 0.11953125 0.11640625
0 0.609375 0.32890625 0.13203125 0.13984375
0 0.31640625 0.50625 0.17578125 0.16015625
0 0.61328125 0.490625 0.134375 0.12265625
0 0.7578125 0.47265625 0.17578125 0.17578125
0 0.45625 0.58203125 0.14609375 0.16796875
0 0.940625 0.4375 0.11875 0.14375
0 0.6046875 0.59140625 0.11875 0.121875
0 0.7484375 0.58125 0.14453125 0.13671875
0 0.30859375 0.6078125 0.1 0.1125
0 0.1125 0.7265625 0.14609375 0.16171875
0 0.82265625 0.6984375 0.134375 0.14765625
0 0.68125 0.6953125 0.08046875 0.09453125
0 0.5328125 0.70625 0.08984375 0.109375
0 0.17890625 0.83984375 0.134375 0.13359375
0 0.32265625 0.8296875 0.12265625 0.12734375
0 0.4671875 0.828125 0.14921875 0.15
0 0.6203125 0.825 0.15390625 0.15859375
0 0.7671875 0.821875 0.109375 0.12109375