0 0.10234375 0.12578125 0.12890625 0.14375
0 0.25390625 0.153125 0.175 0.190625
0 0.68984375 0.1015625 0.12265625 0.1328125
0 0.58515625 0.196875 0.15703125 0.159375
0 0.74453125 0.2 0.16171875 0.18046875
0 0.17265625 0.37421875 0.14375 0.18359375
0 0.29765625 0.390625 0.16171875 0.1921875
0 0.44140625 0.3984375 0.14375 0.1796875
0 0.5703125 0.37109375 0.14375 0.18828125
0 0.6921875 0.36953125 0.1765625 0.20703125
0 0.81015625 0.428125 0.18828125 0.228125
0 0.1703125 0.628125 0.15859375 0.19140625
0 0.32109375 0.62734375 0.1703125 0.203125
0 0.4671875 0.60390625 0.13828125 0.18203125
0 0.61015625 0.578125 0.17421875 0.2015625
0 0.746875 0.6703125 0.14609375 0.1859375
0 0.8578125 0.753125 0.1625 0.18203125
0 0.12890625 0.76796875 0.125 0.14375
0 0.2625 0.7796875 0.16875 0.14375
0 0.403125 0.7640625 0.10703125 0.1328125
0 0.5125 0.803125 0.13984375 0.18203125
0 0.625 0.87890625 0.1421875 0.1625
0 0.12421875 0.91640625 0.153125 0.16328125
0 0.259375 0.896875 0.16484375 0.15546875
0 0.40234375 0.903125 0.16640625 0.16640625
0 0.77421875 0.90390625 0.1515625 0.19140625