0 0.1984375 0.18125 0.153125 0.15234375
0 0.07890625 0.21640625 0.14765625 0.18828125
0 0.15 0.06875 0.1375 0.13359375
0 0.18125 0.32421875 0.1546875 0.134375
0 0.30546875 0.3 0.140625 0.11640625
0 0.2875 0.175 0.10703125 0.09609375
0 0.359375 0.08515625 0.16015625 0.16875
0 0.184375 0.453125 0.14453125 0.17109375
0 0.275 0.4171875 0.11875 0.14375
0 0.13828125 0.58671875 0.16171875 0.18125
0 0.25078125 0.72265625 0.13515625 0.1703125
0 0.3078125 0.57890625 0.1859375 0.19453125
0 0.40703125 0.7 0.1828125 0.175
0 0.13359375 0.7453125 0.10390625 0.1484375
0 0.1234375 0.871875 0.1203125 0.15234375
0 0.38125 0.853125 0.175 0.175
0 0.559375 0.8 0.140625 0.16953125
0 0.57734375 0.665625 0.12109375 0.14140625
0 0.37421875 0.4 0.1234375 0.1375
0 0.41484375 0.53671875 0.115625 0.1390625
0 0.534375 0.53671875 0.11640625 0.11640625
0 0.50703125 0.38984375 0.13984375 0.19765625
0 0.43671875 0.24921875 0.125 0.11328125
0 0.50703125 0.1421875 0.14296875 0.1296875
0 0.55234375 0.26328125 0.14296875 0.14140625
0 0.63359375 0.39140625 0.1359375 0.17421875
0 0.63125 0.53046875 0.11328125 0.13125
0 0.68203125 0.7578125 0.103125 0.1234375
1 0.828125 0.734375 0.14140625 0.159375
0 0.70625 0.63125 0.13515625 0.13828125
1 0.7453125 0.509375 0.13828125 0.1640625
0 0.7890625 0.375 0.14453125 0.1390625
0 0.76640625 0.26875 0.121875 0.121875
0 0.90859375 0.37734375 0.1265625 0.134375
0 0.88828125 0.49453125 0.11875 0.11953125
1 0.8484375 0.60625 0.10859375 0.1171875
0 0.86796875 0.85234375 0.1515625 0.13125
0 0.703125 0.86171875 0.090625 0.109375