0 0.21484375 0.1390625 0.12265625 0.13125
0 0.565625 0.28515625 0.18984375 0.19765625
0 0.3703125 0.1390625 0.184375 0.1859375
0 0.26796875 0.253125 0.15859375 0.12578125
0 0.2921875 0.3671875 0.153125 0.16796875
0 0.42734375 0.3390625 0.1203125 0.14453125
0 0.4109375 0.45390625 0.14609375 0.14453125
1 0.5765625 0.446875 0.10390625 0.10390625
0 0.14453125 0.375 0.1390625 0.140625
0 0.134375 0.48984375 0.1078125 0.1203125
0 0.2921875 0.47421875 0.153125 0.12578125
1 0.0921875 0.6015625 0.11171875 0.11484375
1 0.23046875 0.57734375 0.14609375 0.14609375
1 0.0734375 0.7296875 0.1390625 0.15859375
1 0.2375 0.69296875 0.15 0.1515625
1 0.39375 0.571875 0.11875 0.1171875
0 0.39609375 0.68515625 0.1203125 0.1390625
1 0.54765625 0.5609375 0.13125 0.14609375
1 0.52890625 0.675 0.10390625 0.10390625
0 0.475 0.21015625 0.128125 0.14609375
0 0.7671875 0.2203125 0.16796875 0.1734375
0 0.66015625 0.0953125 0.18046875 0.16796875
0 0.82265625 0.0765625 0.13359375 0.15
0 0.90390625 0.18984375 0.1859375 0.16796875
0 0.85234375 0.32890625 0.14765625 0.1421875
0 0.73125 0.42734375 0.1625 0.15703125
0 0.70078125 0.540625 0.12578125 0.1171875
0 0.85546875 0.4359375 0.13671875 0.13359375
0 0.83515625 0.53125 0.10625 0.109375
0 0.8140625 0.66953125 0.184375 0.19921875
0 0.65546875 0.6703125 0.13515625 0.13125
1 0.27109375 0.83515625 0.10078125 0.1171875
0 0.1125 0.8546875 0.14453125 0.128125
0 0.40546875 0.81953125 0.13515625 0.1296875
0 0.5453125 0.79453125 0.13671875 0.153125
0 0.70859375 0.80390625 0.13515625 0.1421875
0 0.9015625 0.90703125 0.16640625 0.18515625
1 0.65 0.92890625 0.15 0.14140625
0 0.77890625 0.9234375 0.1515625 0.15234375