0 0.140625 0.1890625 0.2046875 0.16484375
0 0.40234375 0.178125 0.16796875 0.15078125
0 0.5453125 0.09375 0.14453125 0.146875
0 0.453125 0.2734375 0.1375 0.1421875
0 0.56953125 0.24296875 0.14140625 0.15078125
0 0.728125 0.18984375 0.18515625 0.190625
0 0.878125 0.2296875 0.19296875 0.18671875
0 0.73359375 0.303125 0.16328125 0.14921875
0 0.59921875 0.38125 0.171875 0.17890625
0 0.85546875 0.53046875 0.19609375 0.19921875
0 0.0921875 0.33515625 0.1359375 0.140625
0 0.21796875 0.30625 0.14453125 0.09609375
0 0.24296875 0.41953125 0.2015625 0.17890625
0 0.08984375 0.43203125 0.1296875 0.1203125
0 0.071875 0.53671875 0.1078125 0.10390625
0 0.22578125 0.5609375 0.10390625 0.1125
0 0.2359375 0.66875 0.12109375 0.15625
0 0.34140625 0.61875 0.134375 0.1515625
0 0.490625 0.6125 0.17734375 0.153125
0 0.803125 0.69921875 0.14921875 0.15234375
0 0.584375 0.71953125 0.165625 0.1578125
0 0.30546875 0.759375 0.21015625 0.1765625
0 0.45703125 0.7609375 0.13828125 0.15078125
0 0.87421875 0.82109375 0.1890625 0.178125
0 0.1421875 0.9078125 0.17265625 0.18359375
0 0.28125 0.90703125 0.17421875 0.16796875
0 0.4421875 0.8859375 0.16875 0.16640625