0 0.8859375 0.4703125 0.1609375 0.17578125
0 0.81875 0.72578125 0.1703125 0.1921875
0 0.66328125 0.73671875 0.1390625 0.165625
0 0.5203125 0.7390625 0.13671875 0.17578125
0 0.3921875 0.7453125 0.1203125 0.1515625
0 0.240625 0.7390625 0.1875 0.2140625
0 0.571875 0.57734375 0.178125 0.1875
0 0.7015625 0.4515625 0.21640625 0.22109375
0 0.90390625 0.1765625 0.16328125 0.18984375
0 0.79140625 0.09453125 0.11328125 0.11328125
0 0.734375 0.18046875 0.178125 0.19296875
0 0.6859375 0.30703125 0.18125 0.15859375
0 0.540625 0.33046875 0.14609375 0.15859375
0 0.48125 0.40859375 0.0640625 0.07109375
0 0.24140625 0.35859375 0.1359375 0.13515625
0 0.3375 0.4734375 0.1359375 0.14921875
0 0.28125 0.5890625 0.14921875 0.14609375
0 0.75546875 0.84765625 0.153125 0.15859375
0 0.11875 0.621875 0.15 0.16484375
0 0.1640625 0.4703125 0.15234375 0.1546875