0 0.571875 0.56875 0.140625 0.15546875
0 0.91796875 0.3078125 0.15546875 0.15859375
0 0.1890625 0.07578125 0.11875 0.12578125
0 0.328125 0.08203125 0.11875 0.14609375
0 0.47421875 0.08125 0.14765625 0.1625
0 0.61796875 0.07578125 0.14765625 0.1515625
0 0.76484375 0.065625 0.10390625 0.13125
0 0.13671875 0.18359375 0.15 0.184375
0 0.2578125 0.2046875 0.12421875 0.1640625
0 0.3984375 0.20078125 0.15 0.16796875
0 0.54609375 0.19765625 0.1390625 0.153125
0 0.6765625 0.190625 0.13359375 0.16640625
0 0.83515625 0.19375 0.15703125 0.15703125
0 0.77109375 0.3171875 0.11328125 0.1296875
0 0.628125 0.334375 0.13125 0.1390625
0 0.48671875 0.32890625 0.1296875 0.13515625
0 0.34140625 0.3390625 0.13515625 0.13671875
0 0.19453125 0.340625 0.16640625 0.14765625
0 0.12265625 0.4734375 0.1640625 0.171875
0 0.20625 0.72734375 0.14609375 0.175
0 0.27890625 0.8421875 0.1296875 0.14609375
0 0.403125 0.815625 0.12265625 0.11875
0 0.81875 0.92265625 0.13515625 0.1390625
1 0.41875 0.44921875 0.08203125 0.08671875
0 0.39921875 0.58125 0.0859375 0.09296875