0 0.07734375 0.1875 0.146875 0.15625
0 0.1609375 0.31328125 0.146875 0.15078125
0 0.22265625 0.17421875 0.12890625 0.1390625
0 0.3625 0.18125 0.15078125 0.15234375
0 0.51015625 0.18359375 0.14453125 0.18046875
0 0.575 0.29375 0.11875 0.15078125
0 0.64140625 0.421875 0.16484375 0.16640625
0 0.8046875 0.453125 0.178125 0.16875
0 0.85546875 0.35390625 0.10078125 0.10078125
0 0.5390625 0.61640625 0.1390625 0.15859375
0 0.6765625 0.63359375 0.140625 0.14453125
0 0.54375 0.75703125 0.14453125 0.1703125
0 0.67421875 0.7578125 0.146875 0.15234375
0 0.74609375 0.84921875 0.1171875 0.1609375
0 0.8921875 0.7015625 0.140625 0.16484375
0 0.88984375 0.85234375 0.1546875 0.1625
0 0.92265625 0.2328125 0.1546875 0.165625