0 0.42427884615384615 0.21754807692307693 0.15144230769230768 0.17668269230769232
0 0.5588942307692307 0.20192307692307693 0.16706730769230768 0.19591346153846154
0 0.16826923076923078 0.234375 0.17427884615384615 0.17908653846153846
0 0.21153846153846154 0.34975961538461536 0.140625 0.16947115384615385
0 0.0985576923076923 0.3581730769230769 0.078125 0.09375
0 0.13942307692307693 0.6971153846153846 0.12620192307692307 0.14903846153846154
0 0.12980769230769232 0.8497596153846154 0.15625 0.17067307692307693
0 0.9098557692307693 0.09495192307692307 0.13581730769230768 0.15745192307692307
0 0.875 0.3605769230769231 0.13701923076923078 0.11538461538461539
0 0.7403846153846154 0.3786057692307692 0.10817307692307693 0.12740384615384615
0 0.5877403846153846 0.3894230769230769 0.09615384615384616 0.10216346153846154
0 0.47596153846153844 0.4411057692307692 0.13701923076923078 0.14903846153846154
0 0.3425480769230769 0.5300480769230769 0.1310096153846154 0.1658653846153846
0 0.33533653846153844 0.6670673076923077 0.1346153846153846 0.13822115384615385
0 0.44711538461538464 0.6310096153846154 0.14182692307692307 0.16706730769230768
0 0.5913461538461539 0.5396634615384616 0.1502403846153846 0.15144230769230768
0 0.7331730769230769 0.5132211538461539 0.15264423076923078 0.1778846153846154
0 0.8774038461538461 0.4963942307692308 0.13822115384615385 0.16466346153846154
0 0.8822115384615384 0.65625 0.14543269230769232 0.15504807692307693
0 0.5793269230769231 0.6622596153846154 0.12259615384615384 0.11778846153846154
0 0.8365384615384616 0.7752403846153846 0.10216346153846154 0.11538461538461539
0 0.90625 0.8918269230769231 0.13581730769230768 0.17307692307692307
0 0.78125 0.9098557692307693 0.125 0.16346153846153846
0 0.6730769230769231 0.8341346153846154 0.12740384615384615 0.1201923076923077
0 0.4026442307692308 0.8064903846153846 0.1310096153846154 0.13822115384615385
0 0.49158653846153844 0.734375 0.15384615384615385 0.12379807692307693