0 0.09615384615384616 0.09254807692307693 0.16826923076923078 0.12980769230769232
0 0.10216346153846154 0.32211538461538464 0.140625 0.16346153846153846
0 0.16346153846153846 0.46153846153846156 0.11177884615384616 0.1466346153846154
0 0.06971153846153846 0.5456730769230769 0.11899038461538461 0.14543269230769232
0 0.20072115384615385 0.5637019230769231 0.09134615384615384 0.11658653846153846
0 0.08413461538461539 0.7223557692307693 0.15625 0.18028846153846154
0 0.14182692307692307 0.8617788461538461 0.13581730769230768 0.16706730769230768
0 0.2764423076923077 0.8882211538461539 0.16826923076923078 0.17668269230769232
0 0.3557692307692308 0.21394230769230768 0.15504807692307693 0.15745192307692307
0 0.44711538461538464 0.22956730769230768 0.109375 0.1141826923076923
0 0.25 0.35096153846153844 0.14783653846153846 0.171875
0 0.3942307692307692 0.36778846153846156 0.15745192307692307 0.20432692307692307
0 0.2932692307692308 0.4795673076923077 0.12740384615384615 0.140625
0 0.3401442307692308 0.5733173076923077 0.1622596153846154 0.16346153846153846
0 0.3641826923076923 0.6802884615384616 0.11057692307692307 0.1141826923076923
0 0.44471153846153844 0.7908653846153846 0.14903846153846154 0.14423076923076922
0 0.4326923076923077 0.9194711538461539 0.1658653846153846 0.14783653846153846
0 0.43149038461538464 0.49399038461538464 0.09975961538461539 0.14302884615384615
0 0.4807692307692308 0.11658653846153846 0.15625 0.16466346153846154
0 0.6310096153846154 0.11057692307692307 0.14783653846153846 0.1310096153846154
0 0.5360576923076923 0.3870192307692308 0.15504807692307693 0.16947115384615385
0 0.6033653846153846 0.2692307692307692 0.12980769230769232 0.1502403846153846
0 0.5865384615384616 0.5120192307692307 0.1466346153846154 0.17548076923076922
0 0.6538461538461539 0.6490384615384616 0.1658653846153846 0.16346153846153846
0 0.7115384615384616 0.7427884615384616 0.1346153846153846 0.1502403846153846
0 0.5877403846153846 0.9194711538461539 0.14543269230769232 0.11778846153846154
0 0.625 0.8413461538461539 0.1466346153846154 0.14543269230769232
0 0.7884615384615384 0.9290865384615384 0.18269230769230768 0.14182692307692307
0 0.7548076923076923 0.8329326923076923 0.109375 0.10697115384615384
0 0.7692307692307693 0.6646634615384616 0.11899038461538461 0.12379807692307693
0 0.7391826923076923 0.5288461538461539 0.15504807692307693 0.171875
0 0.7115384615384616 0.3737980769230769 0.17908653846153846 0.1814903846153846
0 0.7331730769230769 0.17067307692307693 0.16105769230769232 0.19831730769230768
0 0.8774038461538461 0.1935096153846154 0.17067307692307693 0.171875
0 0.8185096153846154 0.2956730769230769 0.13942307692307693 0.12860576923076922
0 0.9170673076923077 0.3293269230769231 0.10576923076923077 0.1310096153846154
0 0.8329326923076923 0.44350961538461536 0.16346153846153846 0.15745192307692307
0 0.8846153846153846 0.5625 0.15625 0.16706730769230768
0 0.9182692307692307 0.6875 0.16346153846153846 0.1346153846153846
0 0.8557692307692307 0.8197115384615384 0.13341346153846154 0.1346153846153846
0 0.9423076923076923 0.8173076923076923 0.11538461538461539 0.1466346153846154