0 0.11177884615384616 0.1935096153846154 0.171875 0.16947115384615385
0 0.15384615384615385 0.3269230769230769 0.11298076923076923 0.13822115384615385
0 0.1346153846153846 0.5516826923076923 0.1658653846153846 0.171875
0 0.1622596153846154 0.6814903846153846 0.16466346153846154 0.13942307692307693
0 0.19110576923076922 0.8100961538461539 0.14783653846153846 0.1658653846153846
0 0.10216346153846154 0.8305288461538461 0.14302884615384615 0.17307692307692307
0 0.33533653846153844 0.1935096153846154 0.17427884615384615 0.1935096153846154
0 0.4110576923076923 0.30649038461538464 0.13942307692307693 0.16706730769230768
0 0.4266826923076923 0.07211538461538461 0.14423076923076922 0.12740384615384615
0 0.4855769230769231 0.18990384615384615 0.1502403846153846 0.16826923076923078
0 0.5745192307692307 0.0829326923076923 0.15745192307692307 0.14423076923076922
0 0.6514423076923077 0.1814903846153846 0.1502403846153846 0.13942307692307693
0 0.5745192307692307 0.2980769230769231 0.1622596153846154 0.15625
0 0.5036057692307693 0.4110576923076923 0.13822115384615385 0.14903846153846154
0 0.43990384615384615 0.5300480769230769 0.13581730769230768 0.16826923076923078
0 0.8100961538461539 0.15745192307692307 0.14543269230769232 0.140625
0 0.9122596153846154 0.24158653846153846 0.16105769230769232 0.17067307692307693
0 0.7379807692307693 0.3161057692307692 0.17067307692307693 0.1814903846153846
0 0.6586538461538461 0.41466346153846156 0.18269230769230768 0.16947115384615385
0 0.5793269230769231 0.5168269230769231 0.13341346153846154 0.1466346153846154
0 0.5048076923076923 0.6201923076923077 0.13221153846153846 0.15264423076923078
0 0.7439903846153846 0.53125 0.15504807692307693 0.17307692307692307
0 0.875 0.3954326923076923 0.1658653846153846 0.15865384615384615
0 0.9387019230769231 0.4987980769230769 0.12259615384615384 0.12740384615384615
0 0.8617788461538461 0.5528846153846154 0.1310096153846154 0.140625
0 0.6634615384615384 0.625 0.15264423076923078 0.15264423076923078
0 0.8137019230769231 0.6334134615384616 0.14783653846153846 0.1346153846153846
0 0.8798076923076923 0.7439903846153846 0.16826923076923078 0.18028846153846154
0 0.7331730769230769 0.7271634615384616 0.16346153846153846 0.15144230769230768
0 0.5865384615384616 0.7427884615384616 0.15504807692307693 0.13581730769230768
0 0.49158653846153844 0.8245192307692307 0.13942307692307693 0.15504807692307693
0 0.6574519230769231 0.8521634615384616 0.15625 0.15144230769230768
0 0.8233173076923077 0.8653846153846154 0.15985576923076922 0.16105769230769232