0 0.2091346153846154 0.09495192307692307 0.15985576923076922 0.16947115384615385
0 0.15264423076923078 0.2403846153846154 0.16346153846153846 0.15865384615384615
0 0.11658653846153846 0.390625 0.16706730769230768 0.15384615384615385
0 0.27283653846153844 0.36177884615384615 0.13341346153846154 0.14903846153846154
0 0.3737980769230769 0.41346153846153844 0.109375 0.13701923076923078
0 0.17668269230769232 0.49278846153846156 0.12740384615384615 0.11778846153846154
0 0.109375 0.5492788461538461 0.10697115384615384 0.13341346153846154
0 0.12259615384615384 0.7403846153846154 0.1658653846153846 0.1971153846153846
0 0.21394230769230768 0.8762019230769231 0.15144230769230768 0.171875
0 0.23076923076923078 0.6129807692307693 0.17067307692307693 0.18509615384615385
0 0.3317307692307692 0.5408653846153846 0.1502403846153846 0.12740384615384615
0 0.3762019230769231 0.6550480769230769 0.16105769230769232 0.13581730769230768
0 0.27884615384615385 0.7451923076923077 0.16466346153846154 0.13942307692307693
0 0.3125 0.828125 0.07932692307692307 0.09134615384615384
0 0.36538461538461536 0.8978365384615384 0.14903846153846154 0.15745192307692307
0 0.4254807692307692 0.7692307692307693 0.1502403846153846 0.1814903846153846
0 0.3918269230769231 0.21754807692307693 0.17427884615384615 0.21153846153846154
0 0.47475961538461536 0.10336538461538461 0.14783653846153846 0.14903846153846154
0 0.6201923076923077 0.08653846153846154 0.13701923076923078 0.15264423076923078
0 0.5456730769230769 0.21514423076923078 0.125 0.15504807692307693
0 0.6730769230769231 0.18028846153846154 0.1045673076923077 0.14182692307692307
0 0.7524038461538461 0.18389423076923078 0.09975961538461539 0.13942307692307693
0 0.7644230769230769 0.0829326923076923 0.13581730769230768 0.140625
0 0.8461538461538461 0.1875 0.11778846153846154 0.15384615384615385
0 0.9086538461538461 0.3004807692307692 0.13701923076923078 0.14783653846153846
0 0.6298076923076923 0.3473557692307692 0.17668269230769232 0.20432692307692307
0 0.7620192307692307 0.375 0.15865384615384615 0.21514423076923078
0 0.4723557692307692 0.4675480769230769 0.1346153846153846 0.1310096153846154
0 0.47596153846153844 0.578125 0.13701923076923078 0.14423076923076922
0 0.5240384615384616 0.7043269230769231 0.1622596153846154 0.17668269230769232
0 0.4879807692307692 0.9170673076923077 0.14783653846153846 0.1466346153846154
0 0.5997596153846154 0.5072115384615384 0.13581730769230768 0.13581730769230768
0 0.6274038461538461 0.6310096153846154 0.17307692307692307 0.16346153846153846
0 0.75 0.5540865384615384 0.12740384615384615 0.13341346153846154
0 0.6670673076923077 0.765625 0.12259615384615384 0.14302884615384615
0 0.7824519230769231 0.6730769230769231 0.14302884615384615 0.1658653846153846
0 0.8858173076923077 0.5901442307692307 0.12620192307692307 0.125
0 0.9098557692307693 0.7175480769230769 0.13581730769230768 0.16346153846153846
0 0.8269230769230769 0.8076923076923077 0.1310096153846154 0.15625