0 0.19591346153846154 0.19230769230769232 0.09735576923076923 0.11778846153846154
0 0.34375 0.1778846153846154 0.109375 0.12620192307692307
0 0.06490384615384616 0.41466346153846156 0.11057692307692307 0.14423076923076922
0 0.203125 0.4098557692307692 0.08653846153846154 0.0985576923076923
0 0.3485576923076923 0.4026442307692308 0.10817307692307693 0.12860576923076922
0 0.41346153846153844 0.2920673076923077 0.1045673076923077 0.14182692307692307
0 0.5048076923076923 0.38822115384615385 0.13341346153846154 0.15144230769230768
0 0.17067307692307693 0.8004807692307693 0.1310096153846154 0.16466346153846154
0 0.31490384615384615 0.8293269230769231 0.10697115384615384 0.09254807692307693
0 0.31971153846153844 0.9290865384615384 0.14182692307692307 0.1201923076923077
0 0.06129807692307692 0.9026442307692307 0.09615384615384616 0.0985576923076923
0 0.41225961538461536 0.7896634615384616 0.11658653846153846 0.12980769230769232
0 0.3269230769230769 0.6850961538461539 0.10096153846153846 0.12620192307692307
0 0.6189903846153846 0.15625 0.12139423076923077 0.12860576923076922
0 0.7620192307692307 0.13701923076923078 0.13341346153846154 0.14903846153846154
0 0.9050480769230769 0.1466346153846154 0.12980769230769232 0.14182692307692307
0 0.6959134615384616 0.26802884615384615 0.09975961538461539 0.12139423076923077
0 0.7692307692307693 0.37740384615384615 0.14543269230769232 0.15625
0 0.9182692307692307 0.3798076923076923 0.14182692307692307 0.15504807692307693
0 0.8197115384615384 0.6502403846153846 0.13341346153846154 0.14543269230769232
0 0.9098557692307693 0.8858173076923077 0.1201923076923077 0.12139423076923077
0 0.7620192307692307 0.8930288461538461 0.11177884615384616 0.1201923076923077
0 0.5709134615384616 0.7764423076923077 0.1310096153846154 0.14543269230769232
0 0.6081730769230769 0.890625 0.08533653846153846 0.10697115384615384
0 0.44711538461538464 0.890625 0.10336538461538461 0.10817307692307693
0 0.5276442307692307 0.9278846153846154 0.07091346153846154 0.07692307692307693