0 0.8088942307692307 0.2247596153846154 0.1466346153846154 0.18509615384615385
0 0.26322115384615385 0.11658653846153846 0.11298076923076923 0.12259615384615384
0 0.14302884615384615 0.1346153846153846 0.12740384615384615 0.15384615384615385
0 0.2247596153846154 0.2536057692307692 0.13701923076923078 0.1466346153846154
0 0.15865384615384615 0.38100961538461536 0.12980769230769232 0.17548076923076922
0 0.23557692307692307 0.5096153846153846 0.16346153846153846 0.1875
0 0.5300480769230769 0.5 0.13701923076923078 0.16826923076923078
0 0.5192307692307693 0.24879807692307693 0.12980769230769232 0.1466346153846154
0 0.38100961538461536 0.2403846153846154 0.15144230769230768 0.16826923076923078
0 0.4519230769230769 0.11899038461538461 0.1346153846153846 0.13701923076923078
0 0.5877403846153846 0.0985576923076923 0.12740384615384615 0.15384615384615385
0 0.6826923076923077 0.484375 0.14903846153846154 0.1658653846153846
0 0.7536057692307693 0.36658653846153844 0.15144230769230768 0.16105769230769232
0 0.7307692307692307 0.08774038461538461 0.1201923076923077 0.14182692307692307
0 0.19951923076923078 0.7271634615384616 0.08052884615384616 0.109375
0 0.265625 0.7680288461538461 0.11057692307692307 0.1141826923076923
0 0.4098557692307692 0.7536057692307693 0.1622596153846154 0.15865384615384615
0 0.5264423076923077 0.6923076923076923 0.12620192307692307 0.14903846153846154
0 0.15504807692307693 0.8810096153846154 0.11057692307692307 0.11778846153846154
0 0.28125 0.8762019230769231 0.1201923076923077 0.13701923076923078
0 0.4483173076923077 0.8629807692307693 0.11298076923076923 0.109375
0 0.6117788461538461 0.8713942307692307 0.1466346153846154 0.15384615384615385
0 0.7680288461538461 0.8617788461538461 0.11658653846153846 0.13822115384615385
0 0.9098557692307693 0.8569711538461539 0.15745192307692307 0.15625
0 0.8305288461538461 0.7367788461538461 0.14543269230769232 0.15865384615384615
0 0.6730769230769231 0.7331730769230769 0.15264423076923078 0.18509615384615385
0 0.7451923076923077 0.6057692307692307 0.1346153846153846 0.13942307692307693
0 0.8882211538461539 0.5901442307692307 0.1778846153846154 0.16826923076923078