0 0.1971153846153846 0.19110576923076922 0.12139423076923077 0.13822115384615385
0 0.5492788461538461 0.22115384615384615 0.10817307692307693 0.11177884615384616
0 0.0985576923076923 0.25 0.0985576923076923 0.1201923076923077
0 0.0985576923076923 0.07932692307692307 0.13822115384615385 0.15865384615384615
0 0.6610576923076923 0.09134615384615384 0.15865384615384615 0.15985576923076922
0 0.8197115384615384 0.12259615384615384 0.1622596153846154 0.13341346153846154
0 0.7403846153846154 0.2091346153846154 0.13822115384615385 0.12980769230769232
0 0.9038461538461539 0.20432692307692307 0.14182692307692307 0.15985576923076922
0 0.6766826923076923 0.3329326923076923 0.13822115384615385 0.1502403846153846
0 0.8305288461538461 0.31971153846153844 0.16706730769230768 0.17668269230769232
0 0.8834134615384616 0.4735576923076923 0.16346153846153846 0.16346153846153846
0 0.7463942307692307 0.45552884615384615 0.13341346153846154 0.1466346153846154
0 0.6033653846153846 0.4266826923076923 0.15504807692307693 0.17668269230769232
0 0.08173076923076923 0.5072115384615384 0.07692307692307693 0.08052884615384616
0 0.16105769230769232 0.45072115384615385 0.10216346153846154 0.0829326923076923
0 0.1658653846153846 0.578125 0.19110576923076922 0.1658653846153846
0 0.34615384615384615 0.578125 0.15985576923076922 0.1658653846153846
0 0.2692307692307692 0.6286057692307693 0.10817307692307693 0.13701923076923078
0 0.4807692307692308 0.6310096153846154 0.16466346153846154 0.17067307692307693
0 0.3762019230769231 0.7271634615384616 0.15144230769230768 0.11899038461538461
0 0.15745192307692307 0.71875 0.17548076923076922 0.11778846153846154
0 0.2403846153846154 0.8076923076923077 0.125 0.10817307692307693
0 0.1502403846153846 0.8293269230769231 0.14302884615384615 0.11778846153846154
0 0.171875 0.9290865384615384 0.11298076923076923 0.14182692307692307
0 0.3545673076923077 0.84375 0.15384615384615385 0.1814903846153846
0 0.515625 0.7872596153846154 0.18629807692307693 0.21514423076923078
0 0.6334134615384616 0.7584134615384616 0.17067307692307693 0.19230769230769232
0 0.7944711538461539 0.7512019230769231 0.15745192307692307 0.1778846153846154
0 0.5072115384615384 0.90625 0.14783653846153846 0.13221153846153846