0 0.2127403846153846 0.11778846153846154 0.15865384615384615 0.16706730769230768
0 0.13581730769230768 0.20072115384615385 0.12620192307692307 0.14903846153846154
0 0.21514423076923078 0.3245192307692308 0.15144230769230768 0.1466346153846154
0 0.12620192307692307 0.4567307692307692 0.14423076923076922 0.1778846153846154
0 0.25 0.46875 0.12860576923076922 0.15985576923076922
0 0.3762019230769231 0.4675480769230769 0.14903846153846154 0.16706730769230768
0 0.2932692307692308 0.23317307692307693 0.1346153846153846 0.14302884615384615
0 0.31009615384615385 0.0673076923076923 0.07692307692307693 0.0829326923076923
0 0.36778846153846156 0.13942307692307693 0.14423076923076922 0.14903846153846154
0 0.49399038461538464 0.15625 0.13341346153846154 0.13341346153846154
0 0.43149038461538464 0.25240384615384615 0.13341346153846154 0.125
0 0.5661057692307693 0.2644230769230769 0.14543269230769232 0.17307692307692307
0 0.4675480769230769 0.35096153846153844 0.12379807692307693 0.14302884615384615
0 0.5372596153846154 0.4735576923076923 0.1622596153846154 0.14903846153846154
0 0.8269230769230769 0.06009615384615385 0.10697115384615384 0.10336538461538461
0 0.6971153846153846 0.28846153846153844 0.1310096153846154 0.17067307692307693
0 0.8245192307692307 0.31490384615384615 0.12259615384615384 0.15144230769230768
0 0.6322115384615384 0.3737980769230769 0.16105769230769232 0.14182692307692307
0 0.6790865384615384 0.49759615384615385 0.140625 0.12620192307692307
0 0.7524038461538461 0.41225961538461536 0.13341346153846154 0.16826923076923078
0 0.8725961538461539 0.42908653846153844 0.13341346153846154 0.13822115384615385
0 0.8040865384615384 0.5216346153846154 0.09254807692307693 0.13581730769230768
0 0.9086538461538461 0.5360576923076923 0.12980769230769232 0.13221153846153846
0 0.7007211538461539 0.609375 0.13701923076923078 0.14423076923076922
0 0.609375 0.5829326923076923 0.10576923076923077 0.12860576923076922
0 0.9230769230769231 0.6274038461538461 0.06610576923076923 0.08774038461538461
0 0.4795673076923077 0.5961538461538461 0.07451923076923077 0.0829326923076923
0 0.5372596153846154 0.7668269230769231 0.13942307692307693 0.18269230769230768
0 0.6262019230769231 0.7560096153846154 0.0985576923076923 0.13341346153846154
0 0.6682692307692307 0.8425480769230769 0.17548076923076922 0.18269230769230768
0 0.8185096153846154 0.8341346153846154 0.14543269230769232 0.15384615384615385
0 0.3713942307692308 0.7548076923076923 0.17067307692307693 0.16947115384615385
0 0.36177884615384615 0.8954326923076923 0.17307692307692307 0.16706730769230768
0 0.20432692307692307 0.9002403846153846 0.09735576923076923 0.12620192307692307
0 0.27283653846153844 0.9026442307692307 0.10096153846153846 0.10216346153846154
0 0.21153846153846154 0.7788461538461539 0.14903846153846154 0.1466346153846154