0 0.0625 0.13822115384615385 0.08533653846153846 0.08413461538461539
0 0.16947115384615385 0.30408653846153844 0.15504807692307693 0.15504807692307693
0 0.07692307692307693 0.4423076923076923 0.1346153846153846 0.16706730769230768
0 0.22956730769230768 0.421875 0.1502403846153846 0.17307692307692307
0 0.14903846153846154 0.5600961538461539 0.12860576923076922 0.13701923076923078
0 0.28365384615384615 0.5444711538461539 0.140625 0.1622596153846154
0 0.11057692307692307 0.6875 0.125 0.14543269230769232
0 0.26322115384615385 0.7331730769230769 0.1658653846153846 0.1778846153846154
0 0.19230769230769232 0.8629807692307693 0.20432692307692307 0.1971153846153846
0 0.3161057692307692 0.06610576923076923 0.12379807692307693 0.11658653846153846
0 0.3233173076923077 0.16466346153846154 0.140625 0.1346153846153846
0 0.4519230769230769 0.13581730769230768 0.11298076923076923 0.12740384615384615
0 0.6033653846153846 0.14302884615384615 0.10096153846153846 0.11899038461538461
0 0.7632211538461539 0.1310096153846154 0.12139423076923077 0.12620192307692307
0 0.36778846153846156 0.2848557692307692 0.15264423076923078 0.14302884615384615
0 0.9134615384615384 0.125 0.11899038461538461 0.125
0 0.6658653846153846 0.25240384615384615 0.13822115384615385 0.16947115384615385
0 0.5396634615384616 0.2620192307692308 0.12860576923076922 0.13221153846153846
0 0.5 0.3425480769230769 0.16706730769230768 0.17307692307692307
0 0.7752403846153846 0.31009615384615385 0.17067307692307693 0.18028846153846154
0 0.4483173076923077 0.4831730769230769 0.16826923076923078 0.18870192307692307
0 0.5949519230769231 0.44711538461538464 0.12620192307692307 0.1466346153846154
0 0.7199519230769231 0.43028846153846156 0.1141826923076923 0.12259615384615384
0 0.5492788461538461 0.5829326923076923 0.16105769230769232 0.14543269230769232
0 0.6694711538461539 0.5552884615384616 0.13822115384615385 0.15625
0 0.8064903846153846 0.5721153846153846 0.1622596153846154 0.1658653846153846
0 0.9278846153846154 0.47115384615384615 0.14182692307692307 0.1310096153846154
0 0.7728365384615384 0.7175480769230769 0.19591346153846154 0.20072115384615385
0 0.6201923076923077 0.7295673076923077 0.14423076923076922 0.14783653846153846
0 0.45913461538461536 0.7079326923076923 0.21153846153846154 0.16706730769230768
0 0.41346153846153844 0.8305288461538461 0.18509615384615385 0.1502403846153846
0 0.5600961538461539 0.8485576923076923 0.13822115384615385 0.17067307692307693