0 0.7944711538461539 0.6153846153846154 0.10817307692307693 0.1201923076923077
0 0.15504807692307693 0.12379807692307693 0.11298076923076923 0.12259615384615384
0 0.18990384615384615 0.24519230769230768 0.16826923076923078 0.18269230769230768
0 0.16947115384615385 0.4735576923076923 0.15144230769230768 0.15865384615384615
0 0.4891826923076923 0.359375 0.13221153846153846 0.13701923076923078
0 0.5540865384615384 0.23677884615384615 0.16105769230769232 0.17067307692307693
0 0.7019230769230769 0.2283653846153846 0.14423076923076922 0.18269230769230768
0 0.6129807692307693 0.109375 0.14423076923076922 0.1466346153846154
0 0.7692307692307693 0.10216346153846154 0.14302884615384615 0.14302884615384615
0 0.8485576923076923 0.22716346153846154 0.14783653846153846 0.15504807692307693
0 0.9134615384615384 0.09735576923076923 0.14302884615384615 0.15264423076923078
0 0.4483173076923077 0.09375 0.1201923076923077 0.14423076923076922
0 0.2848557692307692 0.11658653846153846 0.12259615384615384 0.1466346153846154
0 0.6418269230769231 0.359375 0.1310096153846154 0.13341346153846154
0 0.8701923076923077 0.734375 0.15144230769230768 0.14903846153846154
0 0.2091346153846154 0.5973557692307693 0.12620192307692307 0.12620192307692307
0 0.7932692307692307 0.8473557692307693 0.1201923076923077 0.11778846153846154
0 0.9375 0.8389423076923077 0.109375 0.1310096153846154