0 0.10216346153846154 0.125 0.12860576923076922 0.14302884615384615
0 0.2548076923076923 0.15384615384615385 0.17548076923076922 0.19110576923076922
0 0.6899038461538461 0.10096153846153846 0.12259615384615384 0.13341346153846154
0 0.5853365384615384 0.1971153846153846 0.15745192307692307 0.15985576923076922
0 0.7439903846153846 0.19951923076923078 0.16105769230769232 0.18028846153846154
0 0.17307692307692307 0.375 0.14302884615384615 0.18389423076923078
0 0.2980769230769231 0.390625 0.16105769230769232 0.19230769230769232
0 0.4411057692307692 0.39783653846153844 0.14423076923076922 0.17908653846153846
0 0.5697115384615384 0.3713942307692308 0.14423076923076922 0.18870192307692307
0 0.6923076923076923 0.3701923076923077 0.17668269230769232 0.20673076923076922
0 0.8100961538461539 0.42788461538461536 0.18870192307692307 0.2283653846153846
0 0.17067307692307693 0.6286057692307693 0.15865384615384615 0.19110576923076922
0 0.32091346153846156 0.6274038461538461 0.17067307692307693 0.203125
0 0.4675480769230769 0.6033653846153846 0.13822115384615385 0.1814903846153846
0 0.6105769230769231 0.578125 0.17427884615384615 0.20192307692307693
0 0.7463942307692307 0.6706730769230769 0.1466346153846154 0.18629807692307693
0 0.8581730769230769 0.7524038461538461 0.1622596153846154 0.1814903846153846
0 0.12860576923076922 0.7680288461538461 0.125 0.14423076923076922
0 0.2620192307692308 0.7800480769230769 0.16826923076923078 0.14423076923076922
0 0.4026442307692308 0.7644230769230769 0.10697115384615384 0.13341346153846154
0 0.5132211538461539 0.8028846153846154 0.13942307692307693 0.1814903846153846
0 0.625 0.8786057692307693 0.14182692307692307 0.1622596153846154
0 0.12379807692307693 0.9158653846153846 0.15264423076923078 0.16346153846153846
0 0.25961538461538464 0.8966346153846154 0.16466346153846154 0.15504807692307693
0 0.4026442307692308 0.9026442307692307 0.1658653846153846 0.1658653846153846
0 0.7740384615384616 0.9038461538461539 0.15144230769230768 0.19230769230769232