0 0.41225961538461536 0.09254807692307693 0.16826923076923078 0.18269230769230768
0 0.5600961538461539 0.09014423076923077 0.15384615384615385 0.16706730769230768
0 0.3004807692307692 0.2403846153846154 0.19591346153846154 0.19230769230769232
0 0.4735576923076923 0.24278846153846154 0.16826923076923078 0.20192307692307693
0 0.6177884615384616 0.234375 0.15745192307692307 0.17067307692307693
0 0.59375 0.3870192307692308 0.1622596153846154 0.17668269230769232
0 0.17427884615384615 0.5096153846153846 0.17307692307692307 0.20673076923076922
0 0.28125 0.5889423076923077 0.15264423076923078 0.20432692307692307
0 0.390625 0.6454326923076923 0.18269230769230768 0.1778846153846154
0 0.5144230769230769 0.59375 0.15264423076923078 0.1875
0 0.6225961538461539 0.6213942307692307 0.11298076923076923 0.14783653846153846
0 0.0985576923076923 0.7596153846153846 0.14903846153846154 0.17548076923076922
0 0.20192307692307693 0.8028846153846154 0.12620192307692307 0.17908653846153846
0 0.2608173076923077 0.8990384615384616 0.14903846153846154 0.17427884615384615
0 0.34375 0.7704326923076923 0.17307692307692307 0.16826923076923078
0 0.46875 0.7920673076923077 0.1814903846153846 0.19471153846153846
0 0.6033653846153846 0.7475961538461539 0.12620192307692307 0.14302884615384615
0 0.578125 0.8653846153846154 0.11538461538461539 0.18389423076923078
0 0.7788461538461539 0.12980769230769232 0.171875 0.203125
0 0.8377403846153846 0.21754807692307693 0.14543269230769232 0.1814903846153846
0 0.7728365384615384 0.3125 0.12980769230769232 0.125
0 0.9290865384615384 0.32211538461538464 0.12740384615384615 0.14543269230769232
0 0.9230769230769231 0.06490384615384616 0.11778846153846154 0.12860576923076922
0 0.7920673076923077 0.42788461538461536 0.1045673076923077 0.125
0 0.9387019230769231 0.44711538461538464 0.12259615384615384 0.12980769230769232
0 0.8990384615384616 0.5985576923076923 0.16706730769230768 0.16466346153846154
0 0.7776442307692307 0.7391826923076923 0.13341346153846154 0.15985576923076922
0 0.890625 0.7295673076923077 0.11658653846153846 0.12139423076923077
0 0.8894230769230769 0.8581730769230769 0.11778846153846154 0.1310096153846154
0 0.38822115384615385 0.9146634615384616 0.17908653846153846 0.17067307692307693