0 0.140625 0.19110576923076922 0.20432692307692307 0.16466346153846154
0 0.4026442307692308 0.1778846153846154 0.16826923076923078 0.1502403846153846
0 0.5456730769230769 0.09375 0.14423076923076922 0.1466346153846154
0 0.453125 0.27403846153846156 0.13701923076923078 0.14182692307692307
0 0.5697115384615384 0.24278846153846154 0.14182692307692307 0.1502403846153846
0 0.7283653846153846 0.18990384615384615 0.18509615384615385 0.19110576923076922
0 0.8774038461538461 0.22956730769230768 0.19230769230769232 0.18629807692307693
0 0.7331730769230769 0.30288461538461536 0.16346153846153846 0.14903846153846154
0 0.5985576923076923 0.38100961538461536 0.171875 0.17908653846153846
0 0.8557692307692307 0.5300480769230769 0.19591346153846154 0.19951923076923078
0 0.09254807692307693 0.33533653846153844 0.13581730769230768 0.140625
0 0.21754807692307693 0.30408653846153844 0.14423076923076922 0.09615384615384616
0 0.24278846153846154 0.41947115384615385 0.20192307692307693 0.17908653846153846
0 0.09014423076923077 0.43149038461538464 0.12980769230769232 0.1201923076923077
0 0.07091346153846154 0.5372596153846154 0.10697115384615384 0.1045673076923077
0 0.22596153846153846 0.5612980769230769 0.10336538461538461 0.11298076923076923
0 0.23677884615384615 0.6682692307692307 0.12139423076923077 0.15625
0 0.34134615384615385 0.6189903846153846 0.1346153846153846 0.15144230769230768
0 0.49038461538461536 0.6129807692307693 0.1778846153846154 0.15384615384615385
0 0.8028846153846154 0.6995192307692307 0.14903846153846154 0.15264423076923078
0 0.5841346153846154 0.7199519230769231 0.1658653846153846 0.15745192307692307
0 0.30528846153846156 0.7596153846153846 0.21033653846153846 0.17668269230769232
0 0.4567307692307692 0.7608173076923077 0.13822115384615385 0.15144230769230768
0 0.8737980769230769 0.8209134615384616 0.18870192307692307 0.1778846153846154
0 0.14182692307692307 0.9074519230769231 0.17307692307692307 0.18389423076923078
0 0.28125 0.9074519230769231 0.17427884615384615 0.16826923076923078
0 0.4423076923076923 0.8858173076923077 0.16826923076923078 0.1658653846153846