0 0.1935096153846154 0.10817307692307693 0.20072115384615385 0.1971153846153846
0 0.11778846153846154 0.22956730769230768 0.18509615384615385 0.19110576923076922
0 0.41225961538461536 0.08774038461538461 0.1778846153846154 0.16346153846153846
0 0.5649038461538461 0.0889423076923077 0.14543269230769232 0.17668269230769232
0 0.3605769230769231 0.23197115384615385 0.171875 0.1875
0 0.27283653846153844 0.328125 0.16706730769230768 0.18389423076923078
0 0.5012019230769231 0.22235576923076922 0.1502403846153846 0.15264423076923078
0 0.6358173076923077 0.21754807692307693 0.15264423076923078 0.1971153846153846
0 0.7980769230769231 0.20432692307692307 0.15504807692307693 0.18870192307692307
0 0.7331730769230769 0.3329326923076923 0.17908653846153846 0.19110576923076922
0 0.43509615384615385 0.3401442307692308 0.14903846153846154 0.171875
0 0.5096153846153846 0.5132211538461539 0.17067307692307693 0.1814903846153846
0 0.21875 0.5408653846153846 0.1045673076923077 0.11538461538461539
0 0.09975961538461539 0.5396634615384616 0.18509615384615385 0.18870192307692307
0 0.2127403846153846 0.6899038461538461 0.11298076923076923 0.13581730769230768
0 0.10697115384615384 0.8329326923076923 0.1875 0.16947115384615385
0 0.24879807692307693 0.8233173076923077 0.12740384615384615 0.15144230769230768
0 0.3870192307692308 0.8125 0.14903846153846154 0.1814903846153846
0 0.4495192307692308 0.6634615384615384 0.15625 0.15985576923076922
0 0.5913461538461539 0.6370192307692307 0.12620192307692307 0.1658653846153846
0 0.734375 0.6286057692307693 0.14783653846153846 0.1935096153846154
0 0.8846153846153846 0.6177884615384616 0.1466346153846154 0.16466346153846154
0 0.5336538461538461 0.8016826923076923 0.15865384615384615 0.17908653846153846
0 0.6850961538461539 0.7776442307692307 0.14182692307692307 0.15384615384615385
0 0.6622596153846154 0.8774038461538461 0.17427884615384615 0.16947115384615385
0 0.8221153846153846 0.7608173076923077 0.15504807692307693 0.13942307692307693
0 0.8004807692307693 0.8725961538461539 0.1778846153846154 0.17548076923076922