0 0.8858173076923077 0.4699519230769231 0.16105769230769232 0.17548076923076922
0 0.8185096153846154 0.7259615384615384 0.17067307692307693 0.19230769230769232
0 0.6634615384615384 0.7367788461538461 0.13942307692307693 0.1658653846153846
0 0.5204326923076923 0.7391826923076923 0.13701923076923078 0.17548076923076922
0 0.3918269230769231 0.7487980769230769 0.1201923076923077 0.15144230769230768
0 0.2403846153846154 0.7391826923076923 0.1875 0.21394230769230768
0 0.5721153846153846 0.5793269230769231 0.1778846153846154 0.1875
0 0.7019230769230769 0.4519230769230769 0.21634615384615385 0.22115384615384615
0 0.9038461538461539 0.17668269230769232 0.16346153846153846 0.18990384615384615
0 0.7908653846153846 0.09375 0.1141826923076923 0.1141826923076923
0 0.734375 0.18028846153846154 0.17908653846153846 0.19230769230769232
0 0.6862980769230769 0.3076923076923077 0.1814903846153846 0.15865384615384615
0 0.5408653846153846 0.33052884615384615 0.1466346153846154 0.15865384615384615
0 0.4807692307692308 0.40865384615384615 0.06370192307692307 0.07091346153846154
0 0.24158653846153846 0.3581730769230769 0.13581730769230768 0.1346153846153846
0 0.33774038461538464 0.4735576923076923 0.13581730769230768 0.14903846153846154
0 0.28125 0.5889423076923077 0.14903846153846154 0.1466346153846154
0 0.7548076923076923 0.8485576923076923 0.15264423076923078 0.15865384615384615
0 0.11899038461538461 0.6213942307692307 0.1502403846153846 0.16466346153846154
0 0.16346153846153846 0.4699519230769231 0.15264423076923078 0.15504807692307693