0 0.578125 0.5685096153846154 0.140625 0.15504807692307693
0 0.9182692307692307 0.3076923076923077 0.15504807692307693 0.15865384615384615
0 0.18870192307692307 0.07572115384615384 0.11899038461538461 0.12620192307692307
0 0.328125 0.08173076923076923 0.11899038461538461 0.1466346153846154
0 0.4735576923076923 0.08173076923076923 0.14783653846153846 0.1622596153846154
0 0.6177884615384616 0.07572115384615384 0.14783653846153846 0.15144230769230768
0 0.7644230769230769 0.06610576923076923 0.1045673076923077 0.1310096153846154
0 0.13701923076923078 0.18389423076923078 0.1502403846153846 0.18509615384615385
0 0.25721153846153844 0.20432692307692307 0.12379807692307693 0.16466346153846154
0 0.39783653846153844 0.20072115384615385 0.1502403846153846 0.16826923076923078
0 0.5456730769230769 0.1971153846153846 0.13942307692307693 0.15384615384615385
0 0.6766826923076923 0.19110576923076922 0.13341346153846154 0.1658653846153846
0 0.8353365384615384 0.1935096153846154 0.15745192307692307 0.15745192307692307
0 0.7704326923076923 0.3173076923076923 0.11298076923076923 0.12980769230769232
0 0.6286057692307693 0.33413461538461536 0.1310096153846154 0.13942307692307693
0 0.48677884615384615 0.3293269230769231 0.12980769230769232 0.1346153846153846
0 0.34134615384615385 0.3389423076923077 0.1346153846153846 0.13701923076923078
0 0.19471153846153846 0.3401442307692308 0.1658653846153846 0.14783653846153846
0 0.12259615384615384 0.4735576923076923 0.16466346153846154 0.171875
0 0.20673076923076922 0.7271634615384616 0.1466346153846154 0.17548076923076922
0 0.27884615384615385 0.8425480769230769 0.12980769230769232 0.1466346153846154
0 0.4026442307692308 0.8161057692307693 0.12259615384615384 0.11899038461538461
0 0.8185096153846154 0.9230769230769231 0.1346153846153846 0.13942307692307693
0 0.41947115384615385 0.4495192307692308 0.08173076923076923 0.08653846153846154
0 0.39903846153846156 0.5805288461538461 0.08533653846153846 0.09375