0 0.196875 0.11328125 0.2015625 0.146875
0 0.4015625 0.1625 0.178125 0.12265625
0 0.509375 0.13359375 0.12734375 0.1703125
0 0.615625 0.109375 0.1421875 0.16328125
0 0.74296875 0.18046875 0.1703125 0.1734375
0 0.8734375 0.0875 0.1515625 0.1421875
0 0.8578125 0.1765625 0.125 0.1296875
0 0.08984375 0.33671875 0.165625 0.1734375
0 0.1703125 0.428125 0.13671875 0.1515625
0 0.265625 0.3765625 0.15390625 0.16796875
0 0.303125 0.51328125 0.15390625 0.1515625
0 0.396875 0.4515625 0.146875 0.1421875
0 0.47734375 0.3890625 0.1515625 0.12734375
0 0.62109375 0.41015625 0.18515625 0.1828125
0 0.5453125 0.509375 0.18984375 0.18046875
0 0.72265625 0.49609375 0.14921875 0.146875
0 0.7953125 0.4125 0.14921875 0.15859375
0 0.8953125 0.43359375 0.12265625 0.14921875
0 0.83671875 0.56640625 0.1421875 0.165625
0 0.74609375 0.634375 0.17578125 0.15390625
0 0.83671875 0.73828125 0.1609375 0.196875
0 0.896875 0.86875 0.1734375 0.1421875
0 0.72265625 0.78984375 0.146875 0.146875
0 0.6265625 0.7484375 0.14921875 0.196875
0 0.525 0.6546875 0.12734375 0.13203125
0 0.4203125 0.5875 0.13671875 0.1734375
0 0.640625 0.8953125 0.15390625 0.146875
0 0.18125 0.5484375 0.15859375 0.165625
0 0.18125 0.665625 0.146875 0.1390625
0 0.15625 0.78828125 0.1734375 0.16796875
0 0.3171875 0.62890625 0.15390625 0.1515625
0 0.4078125 0.725 0.15859375 0.15859375
0 0.30625 0.74765625 0.16328125 0.15390625
0 0.3921875 0.85546875 0.1875 0.1703125
0 0.48828125 0.78984375 0.14453125 0.1515625
0 0.4953125 0.92734375 0.146875 0.1453125
0 0.271875 0.84765625 0.15625 0.20703125
0 0.3296875 0.09140625 0.14921875 0.1828125
0 0.91953125 0.6296875 0.1296875 0.16328125