0 0.10703125 0.1546875 0.15859375 0.15390625
0 0.24140625 0.14765625 0.1390625 0.134375
0 0.37109375 0.1421875 0.1421875 0.1734375
0 0.49296875 0.07578125 0.13671875 0.14453125
0 0.81640625 0.103125 0.1875 0.1421875
0 0.1671875 0.3078125 0.1390625 0.146875
1 0.27734375 0.31640625 0.134375 0.125
1 0.4 0.30078125 0.146875 0.134375
0 0.5109375 0.26796875 0.115625 0.12265625
0 0.5921875 0.21875 0.1421875 0.15859375
1 0.71875 0.20546875 0.12265625 0.16328125
0 0.87890625 0.196875 0.165625 0.1296875
0 0.81875 0.303125 0.14921875 0.13203125
0 0.15390625 0.43984375 0.13671875 0.1421875
0 0.271875 0.44140625 0.13671875 0.14453125
1 0.4015625 0.4234375 0.1515625 0.165625
0 0.52890625 0.3890625 0.1296875 0.15390625
0 0.64921875 0.3484375 0.13671875 0.12265625
0 0.65859375 0.459375 0.13203125 0.146875
0 0.77421875 0.4078125 0.1203125 0.125
0 0.74375 0.50390625 0.1203125 0.12265625
0 0.8578125 0.53125 0.12734375 0.13203125
0 0.06953125 0.54296875 0.11796875 0.146875
0 0.1875 0.553125 0.13671875 0.1296875
0 0.5296875 0.5328125 0.146875 0.15390625
0 0.3140625 0.553125 0.1296875 0.1421875
0 0.42421875 0.5515625 0.09609375 0.1203125
0 0.13828125 0.68359375 0.15390625 0.1515625
0 0.25234375 0.65859375 0.1203125 0.146875
0 0.38359375 0.6625 0.16796875 0.15390625
0 0.5328125 0.67890625 0.15390625 0.13203125
0 0.665625 0.65234375 0.146875 0.13671875
0 0.7828125 0.66328125 0.13671875 0.1390625
0 0.91484375 0.6515625 0.13671875 0.1703125
0 0.15625 0.7828125 0.1296875 0.14453125
0 0.27734375 0.77890625 0.146875 0.15390625
0 0.39453125 0.77265625 0.13671875 0.13671875
0 0.50390625 0.82578125 0.1390625 0.1515625
0 0.63671875 0.7640625 0.1421875 0.1421875
0 0.834375 0.78359375 0.18046875 0.15390625
0 0.93828125 0.79140625 0.1234375 0.1390625
0 0.17578125 0.896875 0.1515625 0.1515625
0 0.2875 0.8921875 0.1203125 0.1515625
0 0.4 0.91796875 0.13671875 0.1609375
0 0.5875 0.89453125 0.1296875 0.165625
0 0.7296875 0.85 0.1296875 0.15625
0 0.7921875 0.91484375 0.115625 0.1421875
0 0.90234375 0.9171875 0.134375 0.1609375