0 0.6421875 0.74609375 0.125 0.15625
0 0.07421875 0.1234375 0.14453125 0.15859375
0 0.26171875 0.08671875 0.17578125 0.1296875
0 0.22734375 0.2078125 0.1875 0.16328125
0 0.16484375 0.30390625 0.19921875 0.19453125
0 0.115625 0.40234375 0.18984375 0.165625
0 0.38671875 0.125 0.15625 0.13671875
0 0.35 0.228125 0.13671875 0.1515625
0 0.30546875 0.353125 0.1421875 0.16796875
0 0.24375 0.475 0.14453125 0.146875
0 0.196875 0.57578125 0.17578125 0.11796875
0 0.1625 0.6890625 0.22578125 0.15390625
0 0.12890625 0.79921875 0.18984375 0.1421875
0 0.5421875 0.1578125 0.1515625 0.15390625
0 0.525 0.2921875 0.1515625 0.146875
0 0.475 0.40390625 0.19921875 0.16796875
0 0.43046875 0.51328125 0.15390625 0.13671875
0 0.525 0.52890625 0.1296875 0.1078125
0 0.4078125 0.61875 0.1828125 0.14453125
0 0.3734375 0.71875 0.18515625 0.17578125
0 0.353125 0.8265625 0.1203125 0.12265625
0 0.2953125 0.915625 0.17578125 0.16328125
0 0.49375 0.8296875 0.18984375 0.15390625
0 0.54296875 0.72734375 0.12265625 0.1203125
0 0.56640625 0.62734375 0.16796875 0.134375
0 0.640625 0.51953125 0.17578125 0.18046875
0 0.60234375 0.4 0.146875 0.15390625
0 0.68515625 0.29296875 0.1515625 0.15859375
0 0.728125 0.4125 0.16328125 0.1703125
0 0.63125 0.1390625 0.11796875 0.146875
0 0.72578125 0.16484375 0.12734375 0.1734375
0 0.8125 0.165625 0.12734375 0.125
0 0.8015625 0.2953125 0.1390625 0.14453125
0 0.88828125 0.1234375 0.134375 0.178125
0 0.8734375 0.4 0.13203125 0.13203125
0 0.91484375 0.50390625 0.15390625 0.15859375
0 0.7796875 0.5109375 0.14921875 0.1203125
0 0.69375 0.63203125 0.165625 0.12734375
0 0.8265625 0.6203125 0.16328125 0.16328125
0 0.75859375 0.759375 0.1515625 0.1734375
0 0.70078125 0.859375 0.15625 0.1421875
0 0.821875 0.865625 0.16328125 0.1734375
0 0.5875 0.8765625 0.13671875 0.14453125
0 0.88671875 0.7484375 0.15625 0.18046875
0 0.93125 0.88359375 0.13671875 0.1421875
0 0.46171875 0.93046875 0.16328125 0.1390625