0 0.1546875 0.1234375 0.14453125 0.12734375
0 0.4171875 0.10546875 0.17578125 0.1609375
0 0.5484375 0.1734375 0.13203125 0.1078125
0 0.5421875 0.0765625 0.13671875 0.11796875
0 0.66484375 0.0765625 0.1265625 0.153125
0 0.69375 0.18125 0.1203125 0.10546875
0 0.8265625 0.171875 0.12734375 0.15859375
0 0.93125 0.1390625 0.13671875 0.1609375
0 0.11328125 0.2515625 0.1078125 0.1203125
0 0.23828125 0.275 0.1203125 0.1203125
0 0.37109375 0.265625 0.11796875 0.12265625
0 0.4828125 0.2984375 0.11328125 0.11328125
0 0.7125 0.33984375 0.12265625 0.12734375
0 0.79921875 0.37890625 0.1421875 0.17578125
0 0.91796875 0.43125 0.15859375 0.1515625
0 0.08515625 0.37265625 0.13671875 0.1421875
0 0.1875 0.3765625 0.1421875 0.14453125
0 0.30625 0.38125 0.13203125 0.18515625
0 0.4046875 0.4078125 0.134375 0.18984375
0 0.5296875 0.44375 0.13203125 0.18984375
0 0.6390625 0.475 0.115625 0.146875
0 0.728125 0.50625 0.13203125 0.14453125
0 0.82109375 0.5453125 0.1390625 0.15859375
0 0.9046875 0.6234375 0.15859375 0.14453125
0 0.16796875 0.5046875 0.1609375 0.1390625
0 0.3125 0.52734375 0.1734375 0.13203125
0 0.41328125 0.54453125 0.10078125 0.125
0 0.52890625 0.59765625 0.15859375 0.15625
0 0.678125 0.63359375 0.14453125 0.165625
0 0.771875 0.69921875 0.15859375 0.18515625
0 0.8375 0.7984375 0.1421875 0.14921875
0 0.86875 0.9265625 0.1828125 0.146875
0 0.6421875 0.80546875 0.1921875 0.1921875
0 0.53984375 0.73828125 0.1390625 0.165625
0 0.4078125 0.67421875 0.134375 0.1609375
0 0.31484375 0.6421875 0.14453125 0.13203125
0 0.19140625 0.6359375 0.1421875 0.165625
0 0.1421875 0.7875 0.1609375 0.1703125
0 0.29453125 0.7796875 0.1703125 0.16328125
0 0.41484375 0.7921875 0.14453125 0.1515625
0 0.4671875 0.8734375 0.16796875 0.16796875