0 0.11875 0.15625 0.17578125 0.1515625
0 0.1578125 0.271875 0.14921875 0.13671875
0 0.14921875 0.396875 0.14921875 0.178125
0 0.178125 0.5265625 0.19921875 0.17578125
0 0.209375 0.6390625 0.13671875 0.13671875
0 0.2046875 0.75234375 0.18515625 0.15625
0 0.2171875 0.89921875 0.15859375 0.1875
0 0.23046875 0.08203125 0.1609375 0.15859375
0 0.24609375 0.2046875 0.14453125 0.146875
0 0.27734375 0.29453125 0.1609375 0.18046875
0 0.334375 0.4171875 0.15859375 0.15859375
0 0.35 0.52734375 0.165625 0.15625
0 0.34140625 0.64921875 0.1609375 0.1609375
0 0.3578125 0.78125 0.1828125 0.15859375
0 0.36328125 0.8890625 0.15625 0.165625
0 0.37890625 0.08984375 0.146875 0.146875
0 0.4 0.2046875 0.15390625 0.15625
0 0.43515625 0.30078125 0.1296875 0.1421875
0 0.47265625 0.4046875 0.134375 0.1515625
0 0.4890625 0.49609375 0.134375 0.14921875
0 0.4625 0.61796875 0.134375 0.1609375
0 0.4625 0.725 0.14921875 0.15625
0 0.4625 0.83203125 0.1390625 0.1421875
0 0.5984375 0.678125 0.1515625 0.1515625
0 0.62890625 0.79921875 0.146875 0.1515625
0 0.509375 0.12734375 0.15625 0.14921875
0 0.55546875 0.25 0.17578125 0.15390625
0 0.5890625 0.35 0.1515625 0.1390625
0 0.63671875 0.48671875 0.16328125 0.18046875
0 0.69453125 0.63125 0.14921875 0.178125
0 0.75 0.74609375 0.1515625 0.15625
0 0.7921875 0.8578125 0.1609375 0.1421875
0 0.61796875 0.13125 0.13671875 0.1515625
0 0.678125 0.25390625 0.15390625 0.16328125
0 0.7125 0.36328125 0.13203125 0.15390625
0 0.7640625 0.4859375 0.1515625 0.16328125
0 0.81875 0.5953125 0.165625 0.165625
0 0.865625 0.70078125 0.146875 0.15625
0 0.91484375 0.78359375 0.1515625 0.14453125
0 0.9015625 0.88671875 0.1421875 0.134375
0 0.740625 0.15 0.14453125 0.1609375
0 0.80078125 0.2671875 0.1421875 0.1390625
0 0.83984375 0.3859375 0.13671875 0.15625
0 0.8921875 0.5171875 0.1421875 0.15625
0 0.9359375 0.6140625 0.12265625 0.146875
0 0.85234375 0.19140625 0.103125 0.13203125
0 0.91015625 0.29453125 0.1109375 0.11796875
0 0.94609375 0.39765625 0.10078125 0.10546875