0 0.12109375 0.1078125 0.1515625 0.16328125
0 0.1546875 0.2484375 0.165625 0.17578125
0 0.2859375 0.4078125 0.15390625 0.1609375
1 0.45078125 0.515625 0.1703125 0.1515625
0 0.58046875 0.55859375 0.13671875 0.15625
1 0.74296875 0.59140625 0.15859375 0.178125
0 0.81953125 0.7171875 0.16796875 0.165625
0 0.24609375 0.15390625 0.165625 0.1828125
0 0.2703125 0.30625 0.1515625 0.1515625
0 0.37734375 0.2140625 0.16796875 0.1828125
0 0.35234375 0.071875 0.13671875 0.1390625
0 0.4046875 0.3546875 0.146875 0.165625
0 0.521875 0.40859375 0.16328125 0.16796875
0 0.63828125 0.43984375 0.18046875 0.1734375
0 0.540625 0.271875 0.2015625 0.1921875
0 0.56484375 0.14765625 0.16796875 0.15625
0 0.68359375 0.31953125 0.146875 0.16796875
0 0.70703125 0.203125 0.178125 0.17578125
0 0.8375 0.21875 0.1421875 0.16328125
0 0.85078125 0.0875 0.15390625 0.1703125
0 0.80390625 0.484375 0.17578125 0.15625
0 0.821875 0.359375 0.178125 0.18515625
0 0.90859375 0.47265625 0.1828125 0.18046875
0 0.87265625 0.59609375 0.1921875 0.1828125
0 0.93125 0.35703125 0.13671875 0.16328125
0 0.08046875 0.63125 0.13671875 0.165625
0 0.1109375 0.77421875 0.1734375 0.1734375
0 0.2015625 0.6390625 0.15390625 0.1734375
0 0.2453125 0.8015625 0.15859375 0.18984375
0 0.2984375 0.9015625 0.178125 0.1921875
0 0.334375 0.66484375 0.1390625 0.165625
1 0.421875 0.74296875 0.165625 0.16796875
0 0.4265625 0.85 0.18515625 0.146875
1 0.52890625 0.79296875 0.134375 0.1734375
0 0.62734375 0.8578125 0.134375 0.1828125
0 0.73671875 0.915625 0.12734375 0.16796875