0 0.16328125 0.15625 0.1734375 0.209375
0 0.15390625 0.30546875 0.165625 0.1828125
0 0.18046875 0.42578125 0.1734375 0.18046875
0 0.1828125 0.55078125 0.19453125 0.165625
0 0.14296875 0.84765625 0.14453125 0.165625
0 0.2671875 0.88671875 0.15390625 0.1828125
0 0.2984375 0.13671875 0.165625 0.19453125
0 0.28125 0.2703125 0.15859375 0.165625
0 0.290625 0.36640625 0.1421875 0.15390625
0 0.2984375 0.50625 0.15390625 0.17578125
0 0.3109375 0.61875 0.2015625 0.18984375
0 0.428125 0.0875 0.1828125 0.165625
0 0.38828125 0.240625 0.1515625 0.1828125
0 0.428125 0.353125 0.1734375 0.16796875
0 0.415625 0.4859375 0.178125 0.1734375
0 0.446875 0.5921875 0.14921875 0.18984375
0 0.4671875 0.853125 0.16796875 0.1703125
0 0.68046875 0.88671875 0.18515625 0.18046875
0 0.54296875 0.47734375 0.16328125 0.17578125
0 0.571875 0.58984375 0.14453125 0.1734375
0 0.51328125 0.19375 0.17578125 0.18515625
0 0.55625 0.3484375 0.1703125 0.1734375
0 0.6234375 0.09765625 0.1609375 0.17578125
0 0.62109375 0.2171875 0.13671875 0.12265625
0 0.72734375 0.17421875 0.15859375 0.18046875
0 0.66796875 0.3234375 0.178125 0.2015625
0 0.671875 0.4625 0.17578125 0.1734375
0 0.69140625 0.57421875 0.16328125 0.15625
0 0.7796875 0.6703125 0.17578125 0.209375
0 0.80625 0.82578125 0.15625 0.1734375
0 0.7890625 0.940625 0.13125 0.11875
0 0.9171875 0.83046875 0.14453125 0.17578125
0 0.9203125 0.709375 0.146875 0.15390625
0 0.7953125 0.49140625 0.17578125 0.1421875
0 0.7796875 0.3578125 0.18984375 0.16796875
0 0.8265625 0.2390625 0.15625 0.18515625
0 0.9125 0.44921875 0.165625 0.1609375
0 0.865625 0.5734375 0.20703125 0.165625