0 0.12890625 0.7484375 0.1515625 0.17578125
0 0.18046875 0.88359375 0.146875 0.1421875
0 0.11328125 0.12890625 0.16328125 0.18984375
0 0.196875 0.24765625 0.134375 0.16796875
0 0.10234375 0.3921875 0.15390625 0.146875
0 0.15390625 0.50859375 0.16328125 0.1421875
0 0.2234375 0.39921875 0.12734375 0.12734375
0 0.28984375 0.3421875 0.1515625 0.178125
0 0.2796875 0.2046875 0.11796875 0.13203125
0 0.3140625 0.0875 0.15859375 0.1515625
0 0.39296875 0.2171875 0.13203125 0.13671875
0 0.196875 0.62265625 0.1703125 0.14921875
0 0.27734375 0.490625 0.15625 0.1203125
0 0.24609375 0.75703125 0.15859375 0.15390625
0 0.3171875 0.8859375 0.165625 0.14921875
0 0.38671875 0.76171875 0.16796875 0.134375
0 0.334375 0.6359375 0.15390625 0.146875
0 0.40625 0.571875 0.15859375 0.13203125
0 0.365625 0.4546875 0.1515625 0.12265625
0 0.42421875 0.328125 0.115625 0.10546875
0 0.484375 0.18125 0.13203125 0.1390625
0 0.525 0.3125 0.115625 0.12265625
0 0.49296875 0.4171875 0.10546875 0.103125
0 0.5109375 0.53125 0.12734375 0.1109375
0 0.4578125 0.65234375 0.15390625 0.11328125
0 0.5765625 0.6234375 0.15859375 0.11328125
0 0.49765625 0.81484375 0.13671875 0.1515625
0 0.46015625 0.9203125 0.15859375 0.15390625
0 0.62734375 0.74375 0.16328125 0.12265625
0 0.6390625 0.865625 0.14921875 0.17578125
1 0.75625 0.9171875 0.12734375 0.1609375
0 0.74296875 0.56015625 0.178125 0.1421875
0 0.6 0.459375 0.13671875 0.11328125
0 0.70703125 0.43046875 0.16796875 0.14453125
0 0.5953125 0.33515625 0.10546875 0.12265625
0 0.7171875 0.31015625 0.146875 0.13671875
0 0.59140625 0.20703125 0.134375 0.1078125
0 0.553125 0.11796875 0.13203125 0.0984375
0 0.6703125 0.06875 0.17578125 0.115625
0 0.728125 0.1875 0.17578125 0.16328125
0 0.928125 0.2875 0.1421875 0.1515625