0 0.1875 0.1265625 0.15859375 0.1515625
0 0.14453125 0.22265625 0.125 0.13203125
1 0.275 0.20703125 0.1421875 0.1515625
0 0.06953125 0.1578125 0.12265625 0.15390625
0 0.44921875 0.16328125 0.1421875 0.125
0 0.80625 0.30546875 0.1703125 0.16328125
0 0.71171875 0.3734375 0.13671875 0.13203125
0 0.5921875 0.4234375 0.14453125 0.17578125
0 0.34375 0.428125 0.1078125 0.1296875
1 0.48203125 0.475 0.15625 0.15390625
0 0.11171875 0.49609375 0.103125 0.10546875
0 0.259375 0.54296875 0.134375 0.14453125
0 0.16796875 0.64453125 0.16328125 0.1734375
0 0.06875 0.67890625 0.09609375 0.1109375
0 0.1453125 0.82578125 0.15390625 0.16328125
0 0.25390625 0.74765625 0.13671875 0.165625
0 0.3578125 0.6859375 0.15390625 0.1734375
0 0.4859375 0.61640625 0.1421875 0.16328125
0 0.32421875 0.8765625 0.165625 0.178125
0 0.41953125 0.78984375 0.1421875 0.1609375
0 0.5453125 0.771875 0.12734375 0.165625
0 0.66484375 0.9 0.08203125 0.08671875
0 0.23828125 0.93125 0.10078125 0.125
0 0.80859375 0.92578125 0.146875 0.1390625
0 0.7828125 0.81484375 0.1734375 0.15859375
0 0.89453125 0.86328125 0.115625 0.1421875
1 0.6859375 0.709375 0.17578125 0.1875
1 0.8765625 0.6921875 0.134375 0.1515625
0 0.665625 0.50625 0.1515625 0.165625
0 0.803125 0.46171875 0.15859375 0.16796875
0 0.771875 0.603125 0.06953125 0.07421875