0 0.134375 0.10234375 0.1109375 0.14921875
0 0.2328125 0.22734375 0.06953125 0.0890625
0 0.134375 0.32578125 0.0671875 0.10546875
0 0.0484375 0.421875 0.08203125 0.0984375
0 0.1234375 0.51953125 0.15625 0.19921875
0 0.20546875 0.415625 0.1703125 0.1421875
0 0.24296875 0.52890625 0.1609375 0.18515625
0 0.3546875 0.63125 0.1828125 0.178125
0 0.3109375 0.31640625 0.09140625 0.10078125
0 0.390625 0.22109375 0.0984375 0.10546875
0 0.47265625 0.1453125 0.103125 0.11328125
0 0.6234375 0.1109375 0.1421875 0.146875
0 0.79921875 0.11328125 0.134375 0.13671875
0 0.73828125 0.1828125 0.134375 0.125
0 0.71640625 0.27265625 0.11328125 0.125
0 0.6703125 0.3734375 0.14453125 0.13671875
0 0.8890625 0.32421875 0.14453125 0.16328125
0 0.78984375 0.5453125 0.115625 0.1203125
0 0.06640625 0.16484375 0.1203125 0.1390625
0 0.52734375 0.85546875 0.18046875 0.134375
0 0.384375 0.89453125 0.11328125 0.11796875
0 0.1921875 0.80625 0.165625 0.18046875
0 0.1 0.8921875 0.1734375 0.18046875
0 0.53359375 0.771875 0.178125 0.1296875