0 0.1234375 0.3171875 0.1421875 0.1609375
0 0.20703125 0.23828125 0.165625 0.1703125
0 0.2796875 0.14453125 0.1703125 0.19453125
0 0.53359375 0.1828125 0.1078125 0.11328125
0 0.365625 0.43515625 0.14921875 0.178125
0 0.47109375 0.3125 0.0796875 0.09609375
0 0.60234375 0.234375 0.1421875 0.13203125
0 0.6546875 0.1265625 0.115625 0.0890625
0 0.80078125 0.0921875 0.17578125 0.1703125
0 0.9328125 0.13125 0.134375 0.1703125
1 0.85546875 0.2328125 0.14453125 0.14453125
0 0.72578125 0.290625 0.16328125 0.1828125
1 0.59765625 0.365625 0.14921875 0.15390625
1 0.47734375 0.44921875 0.1421875 0.15390625
0 0.36328125 0.59375 0.12265625 0.1421875
0 0.47265625 0.6078125 0.1515625 0.1609375
0 0.59140625 0.52734375 0.146875 0.1515625
0 0.69609375 0.46015625 0.13671875 0.15390625
0 0.821875 0.3890625 0.13671875 0.15390625
0 0.92734375 0.48203125 0.1453125 0.1546875
0 0.80078125 0.553125 0.14453125 0.15859375
0 0.6921875 0.61796875 0.1421875 0.15390625
0 0.584375 0.67421875 0.146875 0.1609375
0 0.4640625 0.74765625 0.1421875 0.146875
0 0.91953125 0.65 0.06015625 0.06953125
0 0.7984375 0.71015625 0.125 0.125
0 0.58671875 0.86875 0.134375 0.14453125
1 0.89921875 0.790625 0.12265625 0.14453125
0 0.853125 0.925 0.15625 0.15
0 0.2359375 0.90390625 0.15625 0.1390625