0 0.8546875 0.13671875 0.17578125 0.196875
0 0.7296875 0.0875 0.165625 0.1734375
0 0.94140625 0.30625 0.115625 0.1390625
0 0.540625 0.1265625 0.1828125 0.1828125
0 0.63828125 0.20703125 0.12265625 0.12734375
0 0.7359375 0.2796875 0.12734375 0.12734375
0 0.83203125 0.4078125 0.11328125 0.13671875
0 0.92890625 0.51171875 0.1109375 0.1203125
0 0.34375 0.134375 0.1921875 0.19453125
0 0.4328125 0.22265625 0.1609375 0.178125
0 0.525 0.31015625 0.1734375 0.18046875
0 0.72578125 0.49765625 0.165625 0.18515625
0 0.80078125 0.59765625 0.12265625 0.10078125
0 0.9125 0.6984375 0.165625 0.165625
0 0.234375 0.240625 0.1703125 0.1734375
0 0.10234375 0.071875 0.0984375 0.09609375
0 0.19375 0.12734375 0.05546875 0.053125
0 0.35546875 0.34140625 0.115625 0.1390625
0 0.19375 0.35 0.1078125 0.09140625
0 0.2828125 0.38671875 0.12734375 0.125
0 0.521875 0.51953125 0.16796875 0.165625
0 0.603125 0.615625 0.134375 0.1421875
0 0.4203125 0.6265625 0.1828125 0.16796875
0 0.32109375 0.53984375 0.18515625 0.18984375
0 0.22265625 0.4734375 0.09140625 0.103125
0 0.11796875 0.45078125 0.1609375 0.1515625
0 0.15859375 0.5671875 0.1390625 0.1609375
0 0.32109375 0.7515625 0.1921875 0.18515625
0 0.4046875 0.8265625 0.14921875 0.15859375
0 0.52421875 0.71640625 0.115625 0.11328125
0 0.5953125 0.8296875 0.1828125 0.2046875
0 0.80859375 0.81875 0.13671875 0.1515625
0 0.89921875 0.9078125 0.1421875 0.146875
0 0.709375 0.89921875 0.1703125 0.1515625
0 0.19921875 0.85 0.14921875 0.18515625
0 0.11796875 0.7546875 0.15859375 0.18984375
0 0.46640625 0.02890625 0.06953125 0.0578125