0 0.09609375 0.134375 0.1734375 0.196875
0 0.07421875 0.4078125 0.1109375 0.1390625
0 0.18984375 0.31484375 0.10546875 0.12734375
0 0.2640625 0.2296875 0.134375 0.14453125
0 0.390625 0.13125 0.115625 0.12734375
0 0.5203125 0.0890625 0.14453125 0.13671875
0 0.51953125 0.203125 0.1828125 0.1515625
0 0.5015625 0.31875 0.15859375 0.14453125
0 0.6515625 0.1734375 0.071875 0.0796875
0 0.35 0.3640625 0.125 0.125
0 0.2640625 0.4359375 0.1390625 0.13203125
0 0.1671875 0.509375 0.10546875 0.125
0 0.15 0.69921875 0.1609375 0.1609375
0 0.1390625 0.8890625 0.146875 0.12734375
0 0.24140625 0.7953125 0.178125 0.1875
0 0.2515625 0.6046875 0.10546875 0.11328125
0 0.33984375 0.5109375 0.1296875 0.1296875
0 0.39921875 0.446875 0.115625 0.1390625
0 0.50625 0.43125 0.1296875 0.13671875
1 0.6625 0.28984375 0.125 0.1421875
0 0.63828125 0.390625 0.1109375 0.08671875
1 0.671875 0.4828125 0.13203125 0.1421875
0 0.3265625 0.67578125 0.115625 0.1203125
0 0.39453125 0.6234375 0.1203125 0.12265625
0 0.37265625 0.771875 0.1109375 0.12734375
0 0.43046875 0.70703125 0.0796875 0.1203125
0 0.50625 0.70546875 0.1078125 0.125
0 0.5015625 0.8140625 0.1109375 0.103125
0 0.50390625 0.9234375 0.1109375 0.11328125
0 0.3015625 0.86640625 0.13203125 0.14453125
0 0.88203125 0.41328125 0.1421875 0.134375
0 0.8953125 0.540625 0.1515625 0.1421875
0 0.89453125 0.70703125 0.1421875 0.134375
0 0.94375 0.65234375 0.1109375 0.134375
1 0.69140625 0.6140625 0.09609375 0.1109375
1 0.66015625 0.71171875 0.1203125 0.1203125
0 0.91484375 0.81875 0.125 0.15625
0 0.81953125 0.896875 0.2015625 0.19921875
1 0.6359375 0.80546875 0.1296875 0.1296875
0 0.634375 0.915625 0.134375 0.13671875
0 0.35859375 0.95390625 0.1109375 0.0921875