0 0.2203125 0.1546875 0.11328125 0.0984375
0 0.365625 0.16953125 0.2015625 0.1828125
0 0.290625 0.25859375 0.22109375 0.1390625
0 0.19921875 0.35234375 0.14453125 0.12265625
0 0.34375 0.3296875 0.1703125 0.1109375
0 0.47109375 0.334375 0.1734375 0.1390625
0 0.2671875 0.4484375 0.16796875 0.146875
0 0.4109375 0.4734375 0.1703125 0.14453125
0 0.53125 0.4640625 0.165625 0.1390625
0 0.16484375 0.5796875 0.165625 0.178125
0 0.31875 0.61640625 0.19921875 0.21875
0 0.46484375 0.59609375 0.1703125 0.178125
0 0.615625 0.5484375 0.17578125 0.15625
0 0.2125 0.6921875 0.16328125 0.10078125
0 0.4625 0.70703125 0.07421875 0.09375
0 0.54921875 0.665625 0.08671875 0.0984375
0 0.64921875 0.67578125 0.1703125 0.15859375
0 0.23828125 0.82109375 0.15625 0.14921875
0 0.38359375 0.8296875 0.1421875 0.16796875
0 0.4859375 0.8109375 0.11796875 0.146875
0 0.56484375 0.7515625 0.11328125 0.115625
0 0.640625 0.8578125 0.1609375 0.18046875
0 0.77421875 0.9171875 0.146875 0.1515625
1 0.78125 0.77890625 0.134375 0.146875
0 0.73828125 0.14453125 0.15390625 0.15859375
0 0.834375 0.25234375 0.1703125 0.1296875
0 0.925 0.11796875 0.15 0.1953125
0 0.9203125 0.3640625 0.15390625 0.19921875
0 0.925 0.50390625 0.15 0.1890625