0 0.1078125 0.24375 0.1515625 0.1921875
0 0.12265625 0.3921875 0.1421875 0.1296875
0 0.2015625 0.1859375 0.13203125 0.15625
0 0.228125 0.3078125 0.1296875 0.1203125
0 0.2953125 0.13203125 0.1390625 0.14453125
0 0.334375 0.2328125 0.1203125 0.13671875
0 0.37890625 0.3125 0.15859375 0.14921875
0 0.49296875 0.196875 0.14453125 0.13671875
0 0.2875 0.4 0.11328125 0.1203125
0 0.18359375 0.50234375 0.125 0.134375
0 0.4234375 0.4 0.1390625 0.14921875
0 0.334375 0.49296875 0.14921875 0.1296875
0 0.08203125 0.60234375 0.1421875 0.1296875
0 0.2296875 0.603125 0.13671875 0.1421875
0 0.1078125 0.725 0.16328125 0.1703125
0 0.1734375 0.8140625 0.1734375 0.1734375
0 0.3609375 0.821875 0.1734375 0.1828125
0 0.2875 0.7125 0.16796875 0.18046875
0 0.40859375 0.6078125 0.1875 0.1875
0 0.5046875 0.49765625 0.18984375 0.1609375
0 0.56953125 0.60703125 0.1828125 0.17578125
0 0.484375 0.70703125 0.12734375 0.1203125
0 0.63671875 0.71875 0.20703125 0.19453125
0 0.5296875 0.8453125 0.178125 0.178125
0 0.7125 0.8375 0.18984375 0.18046875
0 0.81640625 0.725 0.20703125 0.2015625
0 0.7484375 0.59375 0.18515625 0.1875
0 0.67890625 0.49609375 0.1734375 0.18046875
0 0.61875 0.38359375 0.1921875 0.165625
0 0.53984375 0.29296875 0.146875 0.14453125
0 0.6390625 0.1859375 0.1515625 0.16796875
0 0.72265625 0.26328125 0.19921875 0.16328125
0 0.775 0.39296875 0.16796875 0.14921875
0 0.8265625 0.16328125 0.18046875 0.1421875
0 0.89453125 0.2671875 0.1875 0.16328125
0 0.853125 0.49296875 0.1703125 0.16328125