0 0.0953125 0.14921875 0.15859375 0.15859375
0 0.13125 0.28125 0.18984375 0.15390625
0 0.21875 0.18984375 0.134375 0.1609375
0 0.2984375 0.13125 0.19453125 0.19921875
0 0.20703125 0.34375 0.1515625 0.1421875
0 0.1625 0.44375 0.1421875 0.1421875
0 0.26796875 0.45703125 0.146875 0.18046875
0 0.32109375 0.30859375 0.165625 0.15859375
0 0.375 0.4125 0.15625 0.11328125
0 0.4109375 0.2125 0.15390625 0.13671875
0 0.4359375 0.33203125 0.1109375 0.125
0 0.33203125 0.58515625 0.209375 0.16328125
0 0.43125 0.5375 0.15625 0.16328125
0 0.4828125 0.446875 0.11328125 0.12734375
0 0.55859375 0.42890625 0.0890625 0.15859375
0 0.5375 0.57578125 0.12265625 0.1203125
0 0.525 0.6578125 0.18984375 0.1390625
0 0.51796875 0.75859375 0.16796875 0.1390625
0 0.646875 0.77734375 0.1390625 0.165625
0 0.5921875 0.88671875 0.16328125 0.165625
0 0.74375 0.87890625 0.16328125 0.2046875
0 0.7671875 0.6828125 0.1828125 0.18984375
0 0.62109375 0.5375 0.11328125 0.1390625
0 0.490625 0.10234375 0.165625 0.1734375
0 0.66484375 0.08671875 0.19453125 0.1515625
0 0.6421875 0.22265625 0.2453125 0.19453125
0 0.70703125 0.32421875 0.2046875 0.18984375
0 0.771875 0.39921875 0.1875 0.1875
0 0.80859375 0.178125 0.15859375 0.2046875
0 0.859375 0.88203125 0.1203125 0.14453125
0 0.8765625 0.47734375 0.071875 0.084375