0 0.18046875 0.1921875 0.16796875 0.1875
0 0.3109375 0.240625 0.18515625 0.18515625
0 0.4578125 0.1140625 0.1390625 0.18515625
0 0.59765625 0.1625 0.178125 0.1875
0 0.8890625 0.11171875 0.1703125 0.16796875
1 0.79453125 0.2328125 0.19453125 0.1875
0 0.92578125 0.24609375 0.146875 0.146875
0 0.90234375 0.3578125 0.15390625 0.1421875
0 0.7390625 0.33515625 0.165625 0.16328125
0 0.58984375 0.31640625 0.16328125 0.14921875
0 0.4390625 0.27421875 0.1421875 0.1609375
0 0.21640625 0.3609375 0.15625 0.15390625
0 0.3421875 0.41015625 0.10078125 0.0984375
0 0.5921875 0.47734375 0.1609375 0.165625
0 0.71171875 0.48046875 0.134375 0.1703125
0 0.8390625 0.49375 0.1515625 0.1734375
1 0.115625 0.53515625 0.09140625 0.10546875
1 0.259375 0.53984375 0.1421875 0.14921875
0 0.33984375 0.6078125 0.1203125 0.1609375
0 0.43046875 0.615625 0.0984375 0.15625
0 0.53359375 0.6421875 0.15625 0.19921875
0 0.6515625 0.65234375 0.1109375 0.1296875
0 0.75703125 0.6703125 0.1421875 0.1828125
0 0.884375 0.67890625 0.1609375 0.17578125
0 0.11875 0.771875 0.1203125 0.11328125
0 0.428125 0.81640625 0.125 0.1421875
0 0.56015625 0.84140625 0.1875 0.1734375
0 0.8140625 0.85234375 0.18046875 0.18046875