0 0.1609375 0.25625 0.18046875 0.1828125
0 0.30546875 0.2171875 0.1390625 0.134375
0 0.4390625 0.209375 0.165625 0.13203125
0 0.56015625 0.21171875 0.13203125 0.16328125
0 0.678125 0.25703125 0.15859375 0.18515625
0 0.80625 0.2359375 0.15625 0.16328125
0 0.1109375 0.5375 0.15625 0.1828125
0 0.16328125 0.415625 0.146875 0.1609375
0 0.28984375 0.36796875 0.165625 0.16328125
0 0.42578125 0.3484375 0.14921875 0.1703125
0 0.5375 0.3453125 0.12734375 0.1109375
0 0.65 0.3921875 0.1421875 0.15625
0 0.759375 0.41015625 0.16796875 0.1734375
0 0.89296875 0.32578125 0.1421875 0.1421875
0 0.87109375 0.4734375 0.134375 0.16328125
0 0.25390625 0.49296875 0.09140625 0.09609375
0 0.36875 0.46484375 0.0890625 0.09140625
0 0.48828125 0.490625 0.1109375 0.103125
0 0.61328125 0.51953125 0.11328125 0.10078125
0 0.70703125 0.5984375 0.165625 0.21875
0 0.82109375 0.65390625 0.18984375 0.17578125
0 0.89296875 0.78125 0.16796875 0.15625
0 0.37890625 0.8609375 0.19921875 0.209375
0 0.5140625 0.85546875 0.165625 0.18046875