0 0.178125 0.08984375 0.1609375 0.16796875
0 0.09765625 0.2453125 0.1296875 0.1515625
0 0.21875 0.23203125 0.13671875 0.14921875
0 0.43046875 0.10078125 0.1703125 0.1734375
0 0.35546875 0.2453125 0.1390625 0.14453125
0 0.06640625 0.36875 0.11796875 0.1296875
0 0.18359375 0.37109375 0.134375 0.15859375
0 0.28984375 0.3734375 0.125 0.14921875
0 0.39453125 0.390625 0.1421875 0.146875
0 0.5015625 0.3921875 0.115625 0.1296875
0 0.4984375 0.27734375 0.17578125 0.1515625
0 0.5640625 0.1703125 0.13671875 0.134375
0 0.6265625 0.2640625 0.07421875 0.103125
0 0.6984375 0.28984375 0.1421875 0.11328125
0 0.75859375 0.06640625 0.1109375 0.1203125
0 0.8484375 0.1109375 0.1203125 0.1421875
0 0.875 0.3109375 0.16328125 0.16796875
0 0.615625 0.41796875 0.10078125 0.134375
0 0.7203125 0.39765625 0.103125 0.13203125
0 0.821875 0.421875 0.1109375 0.1203125
0 0.8390625 0.71015625 0.10546875 0.15390625
0 0.7484375 0.696875 0.115625 0.16328125
0 0.64453125 0.69453125 0.1203125 0.16328125
0 0.4671875 0.87109375 0.15625 0.1703125
0 0.2859375 0.85 0.1515625 0.1203125
0 0.3765625 0.796875 0.13203125 0.1296875
0 0.1984375 0.9359375 0.12265625 0.1203125
0 0.115625 0.85234375 0.12265625 0.1390625
0 0.21015625 0.77734375 0.12265625 0.14921875
0 0.1421875 0.68515625 0.14453125 0.15390625
0 0.403125 0.6421875 0.13828125 0.1390625