0 0.38671875 0.1578125 0.13203125 0.1390625
0 0.50625 0.1828125 0.1609375 0.196875
0 0.62890625 0.16015625 0.146875 0.146875
0 0.6265625 0.2875 0.196875 0.18984375
0 0.7609375 0.16328125 0.178125 0.16796875
0 0.89921875 0.1703125 0.165625 0.14921875
0 0.91953125 0.2515625 0.13203125 0.12734375
0 0.771875 0.2875 0.13671875 0.1296875
0 0.8078125 0.36328125 0.16328125 0.178125
0 0.146875 0.28359375 0.15859375 0.17578125
0 0.26171875 0.33203125 0.12265625 0.146875
0 0.3734375 0.36796875 0.12734375 0.15390625
0 0.4828125 0.40234375 0.1421875 0.1609375
1 0.5765625 0.4375 0.11328125 0.1203125
0 0.19453125 0.40625 0.146875 0.1390625
0 0.2609375 0.4828125 0.1703125 0.15859375
0 0.40234375 0.49609375 0.13671875 0.15859375
0 0.509375 0.53515625 0.13671875 0.165625
1 0.63125 0.55078125 0.115625 0.13203125
0 0.73046875 0.58984375 0.12734375 0.1609375
0 0.85703125 0.6265625 0.1421875 0.15859375
0 0.5296875 0.65625 0.14453125 0.1515625
0 0.6390625 0.68515625 0.15625 0.165625
0 0.775 0.72265625 0.1515625 0.1609375
0 0.90234375 0.75625 0.16328125 0.16796875
0 0.33671875 0.58046875 0.165625 0.15859375
0 0.4125 0.6578125 0.15390625 0.15859375
0 0.5140625 0.771875 0.165625 0.15859375
0 0.64453125 0.81875 0.14453125 0.1421875
0 0.80078125 0.84765625 0.1421875 0.1421875
0 0.72578125 0.88359375 0.115625 0.1828125
0 0.53515625 0.88671875 0.134375 0.17578125
0 0.40859375 0.83671875 0.15390625 0.16796875
0 0.33203125 0.75234375 0.16796875 0.13671875
0 0.228125 0.66328125 0.178125 0.15625
0 0.1546875 0.5609375 0.16328125 0.165625
0 0.1046875 0.69140625 0.12265625 0.15859375
0 0.203125 0.7828125 0.14921875 0.1296875
0 0.2828125 0.884375 0.1390625 0.14921875
0 0.1390625 0.90859375 0.19921875 0.1828125