0 0.20078125 0.12890625 0.178125 0.1875
0 0.0828125 0.115625 0.115625 0.14921875
0 0.49375 0.0875 0.11796875 0.1703125
0 0.60546875 0.11796875 0.1390625 0.15390625
0 0.76171875 0.15 0.14921875 0.14453125
0 0.5296875 0.2359375 0.13203125 0.134375
0 0.65234375 0.26328125 0.12265625 0.134375
0 0.75234375 0.30625 0.15390625 0.16328125
0 0.72265625 0.52421875 0.15859375 0.18515625
0 0.61328125 0.4328125 0.16796875 0.16328125
0 0.48046875 0.38828125 0.1390625 0.13203125
0 0.7640625 0.86328125 0.1609375 0.1515625
0 0.478125 0.81953125 0.14453125 0.16328125
0 0.696875 0.74296875 0.134375 0.15546875
0 0.6265625 0.61875 0.1203125 0.13671875
0 0.5328125 0.5296875 0.1390625 0.1390625
0 0.415625 0.47578125 0.12734375 0.1109375
0 0.29921875 0.47578125 0.125 0.1421875
0 0.4015625 0.76796875 0.09609375 0.1296875
0 0.3140625 0.74296875 0.1203125 0.13671875
0 0.203125 0.72734375 0.1109375 0.14921875
0 0.09375 0.72578125 0.1421875 0.13203125
0 0.37265625 0.928125 0.09375 0.09375
0 0.240625 0.87109375 0.0890625 0.11328125
0 0.125 0.8640625 0.10546875 0.0671875
0 0.19375 0.4640625 0.115625 0.15390625
0 0.12109375 0.31640625 0.178125 0.1734375
0 0.07578125 0.4234375 0.11796875 0.115625