0 0.19609375 0.1921875 0.09609375 0.11796875
0 0.3453125 0.178125 0.1109375 0.12734375
0 0.06484375 0.41484375 0.1109375 0.14453125
0 0.203125 0.41015625 0.08671875 0.0984375
0 0.3484375 0.40234375 0.1078125 0.12734375
0 0.41328125 0.2921875 0.10546875 0.1421875
0 0.50625 0.38828125 0.13203125 0.1515625
0 0.1703125 0.80078125 0.13203125 0.16328125
0 0.31484375 0.8296875 0.1078125 0.09375
0 0.31953125 0.92890625 0.1421875 0.1203125
0 0.0609375 0.90234375 0.09609375 0.0984375
0 0.4125 0.78984375 0.11796875 0.1296875
0 0.3265625 0.6859375 0.10078125 0.125
0 0.61875 0.15625 0.1203125 0.1296875
0 0.76171875 0.13671875 0.13203125 0.14921875
0 0.9046875 0.146875 0.1296875 0.1421875
0 0.69609375 0.26796875 0.10078125 0.1203125
0 0.76953125 0.37734375 0.146875 0.15625
0 0.91796875 0.3796875 0.1421875 0.15625
0 0.81953125 0.65 0.13203125 0.14453125
0 0.91015625 0.8859375 0.1203125 0.1203125
0 0.76171875 0.89453125 0.1109375 0.1203125
0 0.57109375 0.7765625 0.1296875 0.14453125
0 0.6078125 0.890625 0.08671875 0.1078125
0 0.446875 0.8921875 0.103125 0.1078125
0 0.52734375 0.928125 0.071875 0.0765625