0 0.26171875 0.09140625 0.1390625 0.1609375
0 0.4078125 0.0875 0.15625 0.14921875
0 0.5484375 0.08203125 0.134375 0.13203125
0 0.703125 0.08203125 0.13671875 0.134375
0 0.84375 0.07109375 0.10546875 0.11796875
0 0.1828125 0.225 0.15390625 0.1703125
0 0.3296875 0.22109375 0.14921875 0.15859375
0 0.4828125 0.196875 0.15390625 0.15859375
0 0.6265625 0.20546875 0.125 0.13671875
0 0.77734375 0.2046875 0.1109375 0.12265625
0 0.19609375 0.46484375 0.146875 0.165625
0 0.4078125 0.33984375 0.15859375 0.165625
0 0.56875 0.3375 0.15859375 0.1515625
0 0.35 0.46171875 0.1609375 0.17578125
0 0.5015625 0.459375 0.15625 0.1703125
0 0.13671875 0.59609375 0.16796875 0.17578125
0 0.27734375 0.5875 0.15390625 0.1703125
0 0.43125 0.58984375 0.1609375 0.1734375
1 0.584375 0.5875 0.134375 0.1515625
1 0.7203125 0.5734375 0.11796875 0.12734375
1 0.8640625 0.56953125 0.09609375 0.10078125
0 0.7984375 0.69921875 0.125 0.1390625
0 0.50859375 0.7140625 0.115625 0.1390625
0 0.21171875 0.725 0.15859375 0.17578125
0 0.4390625 0.8421875 0.1421875 0.146875
0 0.29921875 0.85234375 0.134375 0.1421875
0 0.15234375 0.85546875 0.1609375 0.1609375
0 0.7171875 0.859375 0.09375 0.09140625
0 0.87890625 0.8234375 0.146875 0.15859375
0 0.92890625 0.44140625 0.1421875 0.1515625