0 0.27283653846153844 0.17668269230769232 0.17067307692307693 0.18269230769230768
0 0.3942307692307692 0.22596153846153846 0.15745192307692307 0.18509615384615385
0 0.5084134615384616 0.14182692307692307 0.14302884615384615 0.1658653846153846
0 0.6574519230769231 0.20552884615384615 0.17067307692307693 0.16466346153846154
0 0.8293269230769231 0.17067307692307693 0.16466346153846154 0.15985576923076922
0 0.9122596153846154 0.22115384615384615 0.1201923076923077 0.1346153846153846
0 0.796875 0.2776442307692308 0.12620192307692307 0.14543269230769232
0 0.65625 0.3245192307692308 0.14543269230769232 0.13581730769230768
0 0.5048076923076923 0.30408653846153844 0.15504807692307693 0.16706730769230768
0 0.2620192307692308 0.34134615384615385 0.15384615384615385 0.18028846153846154
0 0.3641826923076923 0.38822115384615385 0.18028846153846154 0.17908653846153846
0 0.2620192307692308 0.5024038461538461 0.13701923076923078 0.15865384615384615
0 0.3605769230769231 0.49278846153846156 0.07692307692307693 0.0985576923076923
0 0.5120192307692307 0.41225961538461536 0.1622596153846154 0.13822115384615385
0 0.23197115384615385 0.7848557692307693 0.17427884615384615 0.16826923076923078
0 0.4050480769230769 0.7896634615384616 0.17668269230769232 0.1875
0 0.49278846153846156 0.6899038461538461 0.17548076923076922 0.18028846153846154
0 0.6153846153846154 0.7512019230769231 0.14543269230769232 0.17548076923076922
0 0.7103365384615384 0.640625 0.15745192307692307 0.1658653846153846
0 0.8641826923076923 0.4951923076923077 0.1045673076923077 0.11538461538461539
0 0.8257211538461539 0.6802884615384616 0.10096153846153846 0.11899038461538461
0 0.7920673076923077 0.7512019230769231 0.12139423076923077 0.14903846153846154
0 0.3076923076923077 0.9050480769230769 0.11899038461538461 0.14302884615384615
0 0.7055288461538461 0.8473557692307693 0.15625 0.18028846153846154
0 0.9038461538461539 0.8209134615384616 0.15985576923076922 0.16466346153846154
0 0.7992788461538461 0.9122596153846154 0.15504807692307693 0.17548076923076922
0 0.46634615384615385 0.8990384615384616 0.15504807692307693 0.18509615384615385