0 0.18990384615384615 0.13341346153846154 0.13822115384615385 0.12139423076923077
0 0.28125 0.09014423076923077 0.11177884615384616 0.12139423076923077
0 0.3485576923076923 0.17548076923076922 0.16346153846153846 0.1622596153846154
0 0.47596153846153844 0.12620192307692307 0.15384615384615385 0.15745192307692307
0 0.5853365384615384 0.10697115384615384 0.12139423076923077 0.12379807692307693
0 0.5276442307692307 0.23798076923076922 0.16826923076923078 0.14903846153846154
0 0.7163461538461539 0.17427884615384615 0.15745192307692307 0.18269230769230768
0 0.171875 0.2668269230769231 0.15144230769230768 0.16466346153846154
0 0.23197115384615385 0.3894230769230769 0.171875 0.1658653846153846
0 0.39903846153846156 0.34975961538461536 0.18028846153846154 0.1778846153846154
0 0.5336538461538461 0.3581730769230769 0.13581730769230768 0.14543269230769232
0 0.7319711538461539 0.32211538461538464 0.14182692307692307 0.1622596153846154
0 0.8425480769230769 0.23557692307692307 0.1466346153846154 0.16346153846153846
0 0.6346153846153846 0.4110576923076923 0.14182692307692307 0.1622596153846154
0 0.7367788461538461 0.4639423076923077 0.1201923076923077 0.14302884615384615
0 0.8245192307692307 0.3581730769230769 0.10817307692307693 0.13581730769230768
0 0.9170673076923077 0.41586538461538464 0.11658653846153846 0.13341346153846154
0 0.8762019230769231 0.5012019230769231 0.13581730769230768 0.12980769230769232
0 0.18870192307692307 0.4795673076923077 0.17548076923076922 0.16706730769230768
0 0.3125 0.5120192307692307 0.13341346153846154 0.15504807692307693
0 0.453125 0.4495192307692308 0.16346153846153846 0.16466346153846154
0 0.5396634615384616 0.5144230769230769 0.12740384615384615 0.13942307692307693
0 0.6514423076923077 0.5552884615384616 0.11778846153846154 0.11778846153846154
0 0.7247596153846154 0.6334134615384616 0.12620192307692307 0.13341346153846154
0 0.21875 0.6009615384615384 0.14903846153846154 0.1658653846153846
0 0.11298076923076923 0.6887019230769231 0.14302884615384615 0.16466346153846154
0 0.23677884615384615 0.6862980769230769 0.1141826923076923 0.1201923076923077
0 0.3245192307692308 0.6418269230769231 0.09975961538461539 0.11778846153846154
0 0.36778846153846156 0.7175480769230769 0.12740384615384615 0.125
0 0.4483173076923077 0.5697115384615384 0.1141826923076923 0.11658653846153846
0 0.6346153846153846 0.6911057692307693 0.078125 0.09615384615384616
0 0.7764423076923077 0.7211538461538461 0.0673076923076923 0.08173076923076923
0 0.8954326923076923 0.7824519230769231 0.14783653846153846 0.18509615384615385
0 0.7007211538461539 0.7884615384615384 0.06971153846153846 0.0673076923076923
0 0.5661057692307693 0.7884615384615384 0.09975961538461539 0.10336538461538461
0 0.6274038461538461 0.8689903846153846 0.13822115384615385 0.14903846153846154
0 0.7908653846153846 0.8701923076923077 0.14182692307692307 0.1466346153846154
0 0.7391826923076923 0.9399038461538461 0.13942307692307693 0.1201923076923077
0 0.47716346153846156 0.9050480769230769 0.10576923076923077 0.11658653846153846
0 0.2403846153846154 0.7704326923076923 0.11057692307692307 0.10576923076923077
0 0.13581730769230768 0.8557692307692307 0.109375 0.1346153846153846
0 0.06009615384615385 0.9206730769230769 0.1201923076923077 0.15384615384615385