0 0.2764423076923077 0.10817307692307693 0.1141826923076923 0.11899038461538461
0 0.1935096153846154 0.1814903846153846 0.1346153846153846 0.1310096153846154
0 0.07932692307692307 0.23317307692307693 0.13942307692307693 0.15504807692307693
0 0.19831730769230768 0.30288461538461536 0.12139423076923077 0.1502403846153846
0 0.2980769230769231 0.23197115384615385 0.11778846153846154 0.11658653846153846
0 0.42788461538461536 0.1201923076923077 0.14423076923076922 0.13942307692307693
0 0.5036057692307693 0.1658653846153846 0.12980769230769232 0.15985576923076922
0 0.4182692307692308 0.2824519230769231 0.11899038461538461 0.11538461538461539
0 0.6225961538461539 0.18509615384615385 0.12139423076923077 0.125
0 0.6838942307692307 0.12379807692307693 0.11538461538461539 0.12139423076923077
0 0.84375 0.10697115384615384 0.13822115384615385 0.140625
0 0.9411057692307693 0.15745192307692307 0.11778846153846154 0.15144230769230768
0 0.8161057692307693 0.23197115384615385 0.1346153846153846 0.14182692307692307
0 0.6454326923076923 0.27524038461538464 0.12620192307692307 0.11177884615384616
0 0.7512019230769231 0.3269230769230769 0.11778846153846154 0.1502403846153846
0 0.6742788461538461 0.3798076923076923 0.09134615384615384 0.09495192307692307
0 0.5492788461538461 0.3389423076923077 0.15865384615384615 0.14302884615384615
0 0.31490384615384615 0.375 0.11899038461538461 0.1310096153846154
0 0.15384615384615385 0.4074519230769231 0.1346153846153846 0.14182692307692307
0 0.1201923076923077 0.5 0.140625 0.13221153846153846
0 0.39302884615384615 0.4723557692307692 0.1466346153846154 0.125
0 0.6009615384615384 0.47716346153846156 0.10817307692307693 0.109375
0 0.7596153846153846 0.46153846153846156 0.15264423076923078 0.16105769230769232
0 0.8713942307692307 0.484375 0.1466346153846154 0.16346153846153846
0 0.7680288461538461 0.5865384615384616 0.15384615384615385 0.12620192307692307
0 0.6802884615384616 0.6502403846153846 0.17908653846153846 0.18389423076923078
0 0.4807692307692308 0.5769230769230769 0.1310096153846154 0.15384615384615385
0 0.22716346153846154 0.6694711538461539 0.14423076923076922 0.16706730769230768
0 0.12740384615384615 0.7800480769230769 0.14543269230769232 0.16346153846153846
0 0.36177884615384615 0.6538461538461539 0.14903846153846154 0.140625
0 0.296875 0.5661057692307693 0.14423076923076922 0.17548076923076922
0 0.5949519230769231 0.7415865384615384 0.14903846153846154 0.13701923076923078
0 0.484375 0.7896634615384616 0.17908653846153846 0.19230769230769232
0 0.36538461538461536 0.8305288461538461 0.18629807692307693 0.20552884615384615
0 0.28125 0.9194711538461539 0.17548076923076922 0.1502403846153846
0 0.7776442307692307 0.8545673076923077 0.13822115384615385 0.17548076923076922
0 0.6598557692307693 0.8894230769230769 0.0829326923076923 0.10817307692307693
0 0.9290865384615384 0.890625 0.140625 0.1875
0 0.5408653846153846 0.9387019230769231 0.109375 0.12259615384615384