0 0.3161057692307692 0.12980769230769232 0.1346153846153846 0.14182692307692307
0 0.21153846153846154 0.22115384615384615 0.18509615384615385 0.17307692307692307
0 0.3942307692307692 0.23557692307692307 0.18028846153846154 0.16105769230769232
0 0.3137019230769231 0.31850961538461536 0.13701923076923078 0.1310096153846154
0 0.21153846153846154 0.4026442307692308 0.16826923076923078 0.18990384615384615
0 0.32211538461538464 0.47475961538461536 0.18509615384615385 0.18028846153846154
0 0.4254807692307692 0.35096153846153844 0.1622596153846154 0.16947115384615385
0 0.22235576923076922 0.6009615384615384 0.16947115384615385 0.203125
0 0.33533653846153844 0.6418269230769231 0.13822115384615385 0.16466346153846154
0 0.4326923076923077 0.5649038461538461 0.14182692307692307 0.12980769230769232
0 0.46634615384615385 0.484375 0.12620192307692307 0.109375
0 0.45072115384615385 0.6814903846153846 0.12620192307692307 0.10697115384615384
0 0.2439903846153846 0.7163461538461539 0.14302884615384615 0.11778846153846154
0 0.21875 0.8269230769230769 0.1346153846153846 0.125
0 0.32091346153846156 0.9254807692307693 0.09375 0.08052884615384616
0 0.4254807692307692 0.84375 0.11899038461538461 0.10336538461538461
0 0.4963942307692308 0.7932692307692307 0.12620192307692307 0.12740384615384615
0 0.6153846153846154 0.8377403846153846 0.12740384615384615 0.12860576923076922
0 0.6117788461538461 0.7043269230769231 0.12980769230769232 0.11298076923076923
0 0.7512019230769231 0.9050480769230769 0.09134615384615384 0.09254807692307693
0 0.8834134615384616 0.9567307692307693 0.055288461538461536 0.054086538461538464
0 0.9591346153846154 0.8798076923076923 0.0673076923076923 0.078125
0 0.8665865384615384 0.8353365384615384 0.09014423076923077 0.10576923076923077
0 0.8004807692307693 0.7439903846153846 0.12379807692307693 0.14423076923076922
0 0.7175480769230769 0.6538461538461539 0.17908653846153846 0.16706730769230768
0 0.8617788461538461 0.5588942307692307 0.18028846153846154 0.18870192307692307
0 0.5552884615384616 0.5709134615384616 0.13701923076923078 0.17067307692307693
0 0.6550480769230769 0.4891826923076923 0.1502403846153846 0.14182692307692307
0 0.7512019230769231 0.40625 0.1502403846153846 0.17548076923076922
0 0.5192307692307693 0.2980769230769231 0.0733173076923077 0.08533653846153846
0 0.6081730769230769 0.3557692307692308 0.1622596153846154 0.16105769230769232
0 0.6983173076923077 0.2608173076923077 0.09975961538461539 0.10576923076923077
0 0.828125 0.3088942307692308 0.09615384615384616 0.11778846153846154
0 0.9326923076923077 0.2439903846153846 0.11658653846153846 0.11538461538461539
0 0.7992788461538461 0.16105769230769232 0.15144230769230768 0.18629807692307693
0 0.6117788461538461 0.18389423076923078 0.19471153846153846 0.1971153846153846
0 0.4699519230769231 0.1466346153846154 0.17427884615384615 0.1814903846153846
0 0.7091346153846154 0.09014423076923077 0.15384615384615385 0.17908653846153846
0 0.9038461538461539 0.07091346153846154 0.1502403846153846 0.140625