0 0.13581730769230768 0.10216346153846154 0.109375 0.14903846153846154
0 0.23317307692307693 0.22716346153846154 0.06971153846153846 0.09014423076923077
0 0.1346153846153846 0.32572115384615385 0.06850961538461539 0.10576923076923077
0 0.04807692307692308 0.421875 0.0829326923076923 0.0985576923076923
0 0.12259615384615384 0.5192307692307693 0.15625 0.19951923076923078
0 0.20552884615384615 0.41586538461538464 0.16947115384615385 0.14182692307692307
0 0.24278846153846154 0.5288461538461539 0.15985576923076922 0.18509615384615385
0 0.3545673076923077 0.6310096153846154 0.18269230769230768 0.17908653846153846
0 0.3112980769230769 0.3161057692307692 0.09134615384615384 0.10096153846153846
0 0.390625 0.22115384615384615 0.0985576923076923 0.10576923076923077
0 0.4723557692307692 0.14543269230769232 0.10336538461538461 0.11298076923076923
0 0.6237980769230769 0.11177884615384616 0.14182692307692307 0.1466346153846154
0 0.7992788461538461 0.11298076923076923 0.1346153846153846 0.13822115384615385
0 0.7379807692307693 0.18269230769230768 0.13581730769230768 0.12379807692307693
0 0.7163461538461539 0.27283653846153844 0.1141826923076923 0.12379807692307693
0 0.6706730769230769 0.3737980769230769 0.14423076923076922 0.13581730769230768
0 0.890625 0.32572115384615385 0.14423076923076922 0.16346153846153846
0 0.7884615384615384 0.5456730769230769 0.11658653846153846 0.1201923076923077
0 0.06610576923076923 0.16466346153846154 0.1201923076923077 0.13942307692307693
0 0.5276442307692307 0.8028846153846154 0.1814903846153846 0.2403846153846154
0 0.38461538461538464 0.8942307692307693 0.11298076923076923 0.11658653846153846
0 0.19230769230769232 0.8064903846153846 0.16466346153846154 0.1814903846153846
0 0.09975961538461539 0.8918269230769231 0.171875 0.18028846153846154