0 0.8545673076923077 0.13581730769230768 0.17548076923076922 0.1971153846153846
0 0.7295673076923077 0.0889423076923077 0.16466346153846154 0.17427884615384615
0 0.9411057692307693 0.30649038461538464 0.11658653846153846 0.13822115384615385
0 0.5408653846153846 0.12620192307692307 0.18269230769230768 0.18389423076923078
0 0.6382211538461539 0.20673076923076922 0.12379807692307693 0.12860576923076922
0 0.7367788461538461 0.2800480769230769 0.12860576923076922 0.12740384615384615
0 0.8317307692307693 0.4074519230769231 0.11298076923076923 0.13581730769230768
0 0.9290865384615384 0.5120192307692307 0.109375 0.1201923076923077
0 0.34375 0.1346153846153846 0.1935096153846154 0.19471153846153846
0 0.4326923076923077 0.22235576923076922 0.16105769230769232 0.17668269230769232
0 0.5264423076923077 0.31009615384615385 0.17307692307692307 0.1814903846153846
0 0.7259615384615384 0.49759615384615385 0.16706730769230768 0.18629807692307693
0 0.7992788461538461 0.5973557692307693 0.12379807692307693 0.10096153846153846
0 0.9122596153846154 0.6983173076923077 0.16466346153846154 0.16466346153846154
0 0.234375 0.23918269230769232 0.16947115384615385 0.17307692307692307
0 0.10096153846153846 0.0733173076923077 0.0985576923076923 0.09495192307692307
0 0.1935096153846154 0.12740384615384615 0.054086538461538464 0.052884615384615384
0 0.3557692307692308 0.34134615384615385 0.11658653846153846 0.13822115384615385
0 0.1935096153846154 0.3485576923076923 0.10817307692307693 0.09134615384615384
0 0.28365384615384615 0.3870192307692308 0.12740384615384615 0.125
0 0.5216346153846154 0.5192307692307693 0.16826923076923078 0.16466346153846154
0 0.6033653846153846 0.6153846153846154 0.13581730769230768 0.14302884615384615
0 0.4206730769230769 0.6262019230769231 0.18389423076923078 0.16826923076923078
0 0.32091346153846156 0.5396634615384616 0.18389423076923078 0.19110576923076922
0 0.22115384615384615 0.4735576923076923 0.09254807692307693 0.10216346153846154
0 0.11778846153846154 0.45072115384615385 0.15985576923076922 0.15144230769230768
0 0.15865384615384615 0.5673076923076923 0.13942307692307693 0.15985576923076922
0 0.32091346153846156 0.7512019230769231 0.19230769230769232 0.18509615384615385
0 0.4050480769230769 0.8269230769230769 0.1502403846153846 0.15865384615384615
0 0.5240384615384616 0.7163461538461539 0.11658653846153846 0.1141826923076923
0 0.5949519230769231 0.8293269230769231 0.18269230769230768 0.20432692307692307
0 0.8100961538461539 0.8173076923076923 0.13701923076923078 0.15144230769230768
0 0.8990384615384616 0.9074519230769231 0.140625 0.14543269230769232
0 0.7091346153846154 0.8978365384615384 0.17067307692307693 0.15144230769230768
0 0.19951923076923078 0.8497596153846154 0.1502403846153846 0.18509615384615385
0 0.11778846153846154 0.7548076923076923 0.15985576923076922 0.18870192307692307
0 0.4675480769230769 0.028846153846153848 0.06971153846153846 0.057692307692307696