0 0.8485576923076923 0.16826923076923078 0.15985576923076922 0.18028846153846154
0 0.5865384615384616 0.10697115384615384 0.12860576923076922 0.14302884615384615
0 0.6394230769230769 0.20552884615384615 0.11899038461538461 0.12740384615384615
0 0.9158653846153846 0.27884615384615385 0.15504807692307693 0.17668269230769232
0 0.8605769230769231 0.4338942307692308 0.17067307692307693 0.14182692307692307
0 0.6394230769230769 0.33653846153846156 0.09975961538461539 0.11538461538461539
0 0.6502403846153846 0.45913461538461536 0.11538461538461539 0.13341346153846154
0 0.9050480769230769 0.5552884615384616 0.17668269230769232 0.18509615384615385
0 0.23076923076923078 0.1466346153846154 0.15144230769230768 0.1346153846153846
0 0.35697115384615385 0.21153846153846154 0.10697115384615384 0.09615384615384616
0 0.44350961538461536 0.2980769230769231 0.12860576923076922 0.13341346153846154
0 0.23197115384615385 0.26322115384615385 0.07572115384615384 0.08052884615384616
0 0.3269230769230769 0.3425480769230769 0.12620192307692307 0.1310096153846154
0 0.43028846153846156 0.4254807692307692 0.13701923076923078 0.13581730769230768
0 0.4375 0.5685096153846154 0.14182692307692307 0.16706730769230768
0 0.3076923076923077 0.46634615384615385 0.11899038461538461 0.12860576923076922
0 0.32572115384615385 0.5961538461538461 0.12139423076923077 0.09615384615384616
0 0.36778846153846156 0.6899038461538461 0.13701923076923078 0.12860576923076922
0 0.44711538461538464 0.7848557692307693 0.1622596153846154 0.171875
0 0.5264423076923077 0.8894230769230769 0.16706730769230768 0.17668269230769232
0 0.35336538461538464 0.8737980769230769 0.0985576923076923 0.10697115384615384
0 0.29447115384615385 0.8004807692307693 0.15264423076923078 0.16706730769230768
0 0.24879807692307693 0.7019230769230769 0.0829326923076923 0.09495192307692307
0 0.19230769230769232 0.6442307692307693 0.1201923076923077 0.12980769230769232
0 0.23557692307692307 0.921875 0.17548076923076922 0.15504807692307693
0 0.75 0.6995192307692307 0.14302884615384615 0.1466346153846154
0 0.7704326923076923 0.8365384615384616 0.11538461538461539 0.13942307692307693
0 0.8786057692307693 0.7620192307692307 0.16105769230769232 0.1622596153846154
0 0.7884615384615384 0.9387019230769231 0.14423076923076922 0.12259615384615384
0 0.9170673076923077 0.8653846153846154 0.1658653846153846 0.18269230769230768
0 0.11177884615384616 0.42427884615384615 0.12860576923076922 0.14182692307692307
0 0.13221153846153846 0.5336538461538461 0.14543269230769232 0.15625
0 0.13221153846153846 0.7043269230769231 0.14783653846153846 0.12980769230769232
0 0.15625 0.8185096153846154 0.12379807692307693 0.14783653846153846
0 0.07932692307692307 0.90625 0.15625 0.1778846153846154