0 0.13942307692307693 0.13942307692307693 0.14302884615384615 0.13581730769230768
0 0.20072115384615385 0.20673076923076922 0.12139423076923077 0.1502403846153846
0 0.3016826923076923 0.10336538461538461 0.12620192307692307 0.14903846153846154
0 0.3641826923076923 0.20192307692307693 0.10817307692307693 0.10336538461538461
0 0.5024038461538461 0.05889423076923077 0.10817307692307693 0.09735576923076923
0 0.6358173076923077 0.052884615384615384 0.12980769230769232 0.10576923076923077
0 0.49759615384615385 0.16346153846153846 0.11899038461538461 0.1141826923076923
0 0.6346153846153846 0.1502403846153846 0.12620192307692307 0.13942307692307693
0 0.8209134615384616 0.13822115384615385 0.1875 0.18629807692307693
0 0.9074519230769231 0.24639423076923078 0.13221153846153846 0.1141826923076923
0 0.6334134615384616 0.25240384615384615 0.14783653846153846 0.13221153846153846
0 0.49158653846153844 0.2608173076923077 0.11778846153846154 0.12379807692307693
0 0.46875 0.3641826923076923 0.10817307692307693 0.13942307692307693
0 0.6105769230769231 0.38341346153846156 0.10697115384615384 0.13942307692307693
0 0.7235576923076923 0.3942307692307692 0.15504807692307693 0.18990384615384615
0 0.8233173076923077 0.29927884615384615 0.13341346153846154 0.11538461538461539
0 0.8617788461538461 0.42908653846153844 0.1502403846153846 0.140625
0 0.9074519230769231 0.5372596153846154 0.15504807692307693 0.15745192307692307
0 0.8052884615384616 0.59375 0.18028846153846154 0.171875
0 0.8786057692307693 0.8209134615384616 0.18389423076923078 0.1778846153846154
0 0.5853365384615384 0.8569711538461539 0.1971153846153846 0.1935096153846154
0 0.7475961538461539 0.9026442307692307 0.18509615384615385 0.16706730769230768
0 0.4831730769230769 0.9146634615384616 0.1622596153846154 0.17067307692307693
0 0.39903846153846156 0.4639423076923077 0.11057692307692307 0.11658653846153846
0 0.26322115384615385 0.5300480769230769 0.19110576923076922 0.20552884615384615
0 0.16706730769230768 0.4098557692307692 0.18028846153846154 0.17307692307692307
0 0.08052884615384616 0.3125 0.16105769230769232 0.16346153846153846
0 0.06129807692307692 0.5528846153846154 0.12259615384615384 0.1201923076923077
0 0.16466346153846154 0.640625 0.18990384615384615 0.21394230769230768