0 0.15865384615384615 0.0673076923076923 0.12139423076923077 0.13221153846153846
0 0.078125 0.15625 0.15625 0.16826923076923078
0 0.06490384615384616 0.296875 0.12620192307692307 0.12379807692307693
0 0.14783653846153846 0.25 0.13341346153846154 0.1201923076923077
0 0.23677884615384615 0.17307692307692307 0.18028846153846154 0.17067307692307693
0 0.35336538461538464 0.11658653846153846 0.10697115384615384 0.10336538461538461
0 0.5252403846153846 0.13221153846153846 0.16947115384615385 0.17548076923076922
0 0.41466346153846156 0.21995192307692307 0.12139423076923077 0.11778846153846154
0 0.30528846153846156 0.2704326923076923 0.13581730769230768 0.14543269230769232
0 0.1935096153846154 0.34975961538461536 0.1502403846153846 0.15384615384615385
0 0.09615384615384616 0.41947115384615385 0.16105769230769232 0.15625
0 0.14543269230769232 0.5384615384615384 0.15985576923076922 0.15504807692307693
0 0.23798076923076922 0.484375 0.125 0.12980769230769232
0 0.328125 0.4266826923076923 0.09014423076923077 0.10336538461538461
0 0.46033653846153844 0.35336538461538464 0.16826923076923078 0.16105769230769232
0 0.6045673076923077 0.29927884615384615 0.1466346153846154 0.13701923076923078
0 0.19831730769230768 0.6490384615384616 0.12620192307692307 0.1201923076923077
0 0.3076923076923077 0.5817307692307693 0.13221153846153846 0.1346153846153846
0 0.40625 0.5288461538461539 0.11057692307692307 0.12740384615384615
0 0.5132211538461539 0.47836538461538464 0.13942307692307693 0.15745192307692307
0 0.6237980769230769 0.40625 0.10336538461538461 0.11778846153846154
0 0.7355769230769231 0.40625 0.14543269230769232 0.17908653846153846
0 0.7764423076923077 0.0889423076923077 0.13341346153846154 0.14543269230769232
0 0.7872596153846154 0.1935096153846154 0.15384615384615385 0.16466346153846154
0 0.8125 0.3329326923076923 0.14783653846153846 0.16105769230769232
0 0.9098557692307693 0.4254807692307692 0.125 0.13942307692307693
0 0.7800480769230769 0.4879807692307692 0.14423076923076922 0.15625
0 0.6189903846153846 0.5048076923076923 0.14543269230769232 0.14423076923076922
0 0.4519230769230769 0.6213942307692307 0.08653846153846154 0.09254807692307693
0 0.359375 0.6935096153846154 0.12740384615384615 0.140625
0 0.23798076923076922 0.7596153846153846 0.13341346153846154 0.12620192307692307
0 0.11658653846153846 0.8197115384615384 0.18509615384615385 0.16947115384615385
0 0.9038461538461539 0.5769230769230769 0.12980769230769232 0.14543269230769232
0 0.671875 0.5985576923076923 0.13581730769230768 0.1310096153846154
0 0.7860576923076923 0.6009615384615384 0.15264423076923078 0.14302884615384615
0 0.6141826923076923 0.671875 0.171875 0.17548076923076922
0 0.7271634615384616 0.7355769230769231 0.1502403846153846 0.16105769230769232
0 0.8569711538461539 0.7415865384615384 0.16706730769230768 0.15264423076923078
0 0.9098557692307693 0.8401442307692307 0.14182692307692307 0.14903846153846154
0 0.7620192307692307 0.8377403846153846 0.14423076923076922 0.15985576923076922
0 0.5288461538461539 0.7355769230769231 0.15384615384615385 0.15985576923076922
0 0.5865384615384616 0.8509615384615384 0.16947115384615385 0.15504807692307693
0 0.6358173076923077 0.9290865384615384 0.15384615384615385 0.14182692307692307
0 0.4110576923076923 0.8088942307692307 0.12379807692307693 0.12860576923076922
0 0.28365384615384615 0.8834134615384616 0.1622596153846154 0.17908653846153846