0 0.21995192307692307 0.15504807692307693 0.1141826923076923 0.09735576923076923
0 0.36538461538461536 0.16947115384615385 0.20192307692307693 0.18269230769230768
0 0.29086538461538464 0.25721153846153844 0.21995192307692307 0.13942307692307693
0 0.19951923076923078 0.35216346153846156 0.14543269230769232 0.12259615384615384
0 0.34375 0.3293269230769231 0.171875 0.11177884615384616
0 0.47115384615384615 0.33413461538461536 0.17427884615384615 0.13822115384615385
0 0.2668269230769231 0.4483173076923077 0.16826923076923078 0.14783653846153846
0 0.4110576923076923 0.4735576923076923 0.17067307692307693 0.14423076923076922
0 0.53125 0.4639423076923077 0.1658653846153846 0.13822115384615385
0 0.16466346153846154 0.5793269230769231 0.16706730769230768 0.17908653846153846
0 0.31850961538461536 0.6165865384615384 0.19831730769230768 0.21754807692307693
0 0.4651442307692308 0.5961538461538461 0.17067307692307693 0.1778846153846154
0 0.6153846153846154 0.5480769230769231 0.17668269230769232 0.15745192307692307
0 0.2127403846153846 0.6923076923076923 0.16346153846153846 0.10096153846153846
0 0.4639423076923077 0.7067307692307693 0.0733173076923077 0.09254807692307693
0 0.5504807692307693 0.6658653846153846 0.08653846153846154 0.09735576923076923
0 0.6490384615384616 0.6754807692307693 0.17067307692307693 0.15865384615384615
0 0.23798076923076922 0.8197115384615384 0.15625 0.1502403846153846
0 0.38341346153846156 0.828125 0.140625 0.16947115384615385
0 0.4855769230769231 0.8112980769230769 0.11778846153846154 0.14783653846153846
0 0.5625 0.7487980769230769 0.1141826923076923 0.11538461538461539
0 0.640625 0.8581730769230769 0.1622596153846154 0.18028846153846154
0 0.7716346153846154 0.9134615384615384 0.1466346153846154 0.15144230769230768
0 0.78125 0.7788461538461539 0.1346153846153846 0.1466346153846154
0 0.7379807692307693 0.14423076923076922 0.15504807692307693 0.15985576923076922
0 0.8341346153846154 0.25240384615384615 0.171875 0.12860576923076922
0 0.9254807692307693 0.11899038461538461 0.14903846153846154 0.1935096153846154
0 0.9206730769230769 0.3641826923076923 0.15384615384615385 0.19831730769230768
0 0.9254807692307693 0.5048076923076923 0.14903846153846154 0.18990384615384615