0 0.17307692307692307 0.11899038461538461 0.14903846153846154 0.18990384615384615
0 0.25600961538461536 0.21995192307692307 0.1502403846153846 0.15384615384615385
0 0.35697115384615385 0.1346153846153846 0.1346153846153846 0.12740384615384615
0 0.45913461538461536 0.21394230769230768 0.1814903846153846 0.18509615384615385
0 0.34375 0.3137019230769231 0.19471153846153846 0.21153846153846154
0 0.15384615384615385 0.36177884615384615 0.15745192307692307 0.19591346153846154
0 0.2692307692307692 0.421875 0.20432692307692307 0.20552884615384615
0 0.16346153846153846 0.5168269230769231 0.14783653846153846 0.16947115384615385
0 0.30649038461538464 0.5853365384615384 0.15745192307692307 0.16346153846153846
0 0.4254807692307692 0.5096153846153846 0.16706730769230768 0.18389423076923078
0 0.39783653846153844 0.7007211538461539 0.16706730769230768 0.15625
0 0.5168269230769231 0.6298076923076923 0.1622596153846154 0.17668269230769232
0 0.4411057692307692 0.8052884615384616 0.17427884615384615 0.18870192307692307
0 0.5396634615384616 0.8834134615384616 0.17548076923076922 0.15985576923076922
0 0.6466346153846154 0.8449519230769231 0.14302884615384615 0.13701923076923078
0 0.5060096153846154 0.3233173076923077 0.15745192307692307 0.18990384615384615
0 0.5480769230769231 0.09254807692307693 0.1310096153846154 0.16706730769230768
0 0.6334134615384616 0.1971153846153846 0.16466346153846154 0.18269230769230768
0 0.7307692307692307 0.09615384615384616 0.18269230769230768 0.19230769230769232
0 0.90625 0.19230769230769232 0.14423076923076922 0.1466346153846154
0 0.8052884615384616 0.2764423076923077 0.18870192307692307 0.15745192307692307
0 0.578125 0.44591346153846156 0.17668269230769232 0.16105769230769232
0 0.6334134615384616 0.5588942307692307 0.13221153846153846 0.14783653846153846
0 0.7055288461538461 0.6550480769230769 0.15745192307692307 0.19831730769230768
0 0.6838942307692307 0.3701923076923077 0.1778846153846154 0.17668269230769232
0 0.7487980769230769 0.4795673076923077 0.14302884615384615 0.15504807692307693
0 0.8689903846153846 0.40625 0.14423076923076922 0.19110576923076922
0 0.8293269230769231 0.5733173076923077 0.14423076923076922 0.17067307692307693
0 0.8762019230769231 0.6983173076923077 0.18028846153846154 0.16466346153846154
0 0.5973557692307693 0.7211538461538461 0.14423076923076922 0.15264423076923078
0 0.7716346153846154 0.7884615384615384 0.17908653846153846 0.203125
0 0.8365384615384616 0.8942307692307693 0.1658653846153846 0.13942307692307693