0 0.17668269230769232 0.21754807692307693 0.18389423076923078 0.203125
0 0.12379807692307693 0.3954326923076923 0.18028846153846154 0.19591346153846154
0 0.23918269230769232 0.30288461538461536 0.16706730769230768 0.16826923076923078
0 0.35697115384615385 0.23197115384615385 0.1658653846153846 0.1971153846153846
0 0.28846153846153844 0.4362980769230769 0.18028846153846154 0.18028846153846154
0 0.19110576923076922 0.5180288461538461 0.1622596153846154 0.13221153846153846
0 0.12139423076923077 0.6983173076923077 0.17908653846153846 0.17067307692307693
0 0.20552884615384615 0.7956730769230769 0.15745192307692307 0.1971153846153846
0 0.07932692307692307 0.8930288461538461 0.15865384615384615 0.14182692307692307
0 0.38461538461538464 0.5336538461538461 0.17427884615384615 0.18389423076923078
0 0.4423076923076923 0.3485576923076923 0.17427884615384615 0.1935096153846154
0 0.49158653846153844 0.15625 0.15144230769230768 0.17908653846153846
0 0.5889423076923077 0.09975961538461539 0.20552884615384615 0.19110576923076922
0 0.5769230769230769 0.26322115384615385 0.1971153846153846 0.19110576923076922
0 0.5264423076923077 0.47115384615384615 0.19110576923076922 0.1814903846153846
0 0.5997596153846154 0.5697115384615384 0.16105769230769232 0.15384615384615385
0 0.46634615384615385 0.6466346153846154 0.19110576923076922 0.19591346153846154
0 0.3329326923076923 0.7259615384615384 0.1875 0.19110576923076922
0 0.4026442307692308 0.8245192307692307 0.171875 0.16105769230769232
0 0.27884615384615385 0.9098557692307693 0.15865384615384615 0.17307692307692307
0 0.46274038461538464 0.9122596153846154 0.13581730769230768 0.15745192307692307
0 0.5745192307692307 0.8028846153846154 0.15384615384615385 0.140625
0 0.7524038461538461 0.8161057692307693 0.19230769230769232 0.16346153846153846
0 0.7067307692307693 0.7007211538461539 0.14302884615384615 0.13701923076923078
0 0.8653846153846154 0.7223557692307693 0.16947115384615385 0.16105769230769232
0 0.8341346153846154 0.5997596153846154 0.15144230769230768 0.140625
0 0.9411057692307693 0.5024038461538461 0.11778846153846154 0.13942307692307693
0 0.6706730769230769 0.38100961538461536 0.13942307692307693 0.14543269230769232
0 0.7512019230769231 0.30528846153846156 0.1466346153846154 0.16826923076923078
0 0.8533653846153846 0.24278846153846154 0.17307692307692307 0.18870192307692307
0 0.7560096153846154 0.15264423076923078 0.15144230769230768 0.18990384615384615
0 0.8858173076923077 0.39663461538461536 0.14783653846153846 0.14302884615384615