0 0.10817307692307693 0.24519230769230768 0.15144230769230768 0.19230769230769232
0 0.12259615384615384 0.3918269230769231 0.14182692307692307 0.1310096153846154
0 0.20192307692307693 0.18509615384615385 0.13221153846153846 0.15625
0 0.2283653846153846 0.3076923076923077 0.12860576923076922 0.1201923076923077
0 0.2956730769230769 0.13221153846153846 0.13942307692307693 0.14543269230769232
0 0.33413461538461536 0.23317307692307693 0.12139423076923077 0.13581730769230768
0 0.3786057692307692 0.3125 0.15865384615384615 0.1502403846153846
0 0.49158653846153844 0.1971153846153846 0.14423076923076922 0.13581730769230768
0 0.28725961538461536 0.40024038461538464 0.11298076923076923 0.12139423076923077
0 0.18389423076923078 0.5024038461538461 0.125 0.1346153846153846
0 0.4230769230769231 0.4014423076923077 0.13942307692307693 0.1502403846153846
0 0.3329326923076923 0.49278846153846156 0.1502403846153846 0.12860576923076922
0 0.07932692307692307 0.5997596153846154 0.14182692307692307 0.12980769230769232
0 0.22956730769230768 0.6033653846153846 0.13701923076923078 0.14182692307692307
0 0.10817307692307693 0.7247596153846154 0.1622596153846154 0.16947115384615385
0 0.17307692307692307 0.8137019230769231 0.17427884615384615 0.17427884615384615
0 0.36177884615384615 0.8221153846153846 0.171875 0.18269230769230768
0 0.28725961538461536 0.7127403846153846 0.16826923076923078 0.17908653846153846
0 0.40865384615384615 0.6081730769230769 0.18629807692307693 0.1875
0 0.5048076923076923 0.49759615384615385 0.18870192307692307 0.16105769230769232
0 0.5697115384615384 0.6069711538461539 0.18389423076923078 0.17668269230769232
0 0.484375 0.7067307692307693 0.12620192307692307 0.1201923076923077
0 0.6382211538461539 0.71875 0.20793269230769232 0.19471153846153846
0 0.5300480769230769 0.8449519230769231 0.17668269230769232 0.1778846153846154
0 0.7139423076923077 0.8365384615384616 0.19110576923076922 0.17908653846153846
0 0.8149038461538461 0.7247596153846154 0.20673076923076922 0.20072115384615385
0 0.7487980769230769 0.59375 0.18509615384615385 0.18629807692307693
0 0.6790865384615384 0.4951923076923077 0.171875 0.1814903846153846
0 0.6201923076923077 0.38341346153846156 0.1935096153846154 0.16466346153846154
0 0.5396634615384616 0.2932692307692308 0.14783653846153846 0.14543269230769232
0 0.6394230769230769 0.18629807692307693 0.15144230769230768 0.16826923076923078
0 0.7223557692307693 0.26322115384615385 0.19951923076923078 0.16346153846153846
0 0.7752403846153846 0.39302884615384615 0.16826923076923078 0.14903846153846154
0 0.8269230769230769 0.16346153846153846 0.17908653846153846 0.140625
0 0.8942307692307693 0.2668269230769231 0.1875 0.16346153846153846
0 0.8533653846153846 0.49158653846153844 0.16947115384615385 0.1622596153846154