0 0.24158653846153846 0.07091346153846154 0.17067307692307693 0.14182692307692307
0 0.2536057692307692 0.1814903846153846 0.19110576923076922 0.15745192307692307
0 0.1466346153846154 0.41586538461538464 0.16706730769230768 0.1814903846153846
0 0.2704326923076923 0.3137019230769231 0.18389423076923078 0.14783653846153846
0 0.3918269230769231 0.2439903846153846 0.17067307692307693 0.1814903846153846
0 0.29447115384615385 0.4423076923076923 0.16947115384615385 0.20793269230769232
0 0.19951923076923078 0.53125 0.14182692307692307 0.1346153846153846
0 0.16105769230769232 0.6622596153846154 0.15625 0.17427884615384615
0 0.1658653846153846 0.8221153846153846 0.16346153846153846 0.17067307692307693
0 0.28966346153846156 0.9074519230769231 0.16105769230769232 0.18509615384615385
0 0.28725961538461536 0.7391826923076923 0.1466346153846154 0.15865384615384615
0 0.3269230769230769 0.609375 0.18509615384615385 0.18028846153846154
0 0.421875 0.5372596153846154 0.16706730769230768 0.17067307692307693
0 0.4338942307692308 0.40384615384615385 0.14423076923076922 0.15264423076923078
0 0.3870192307692308 0.078125 0.13942307692307693 0.15625
0 0.5120192307692307 0.16947115384615385 0.19110576923076922 0.21875
0 0.5168269230769231 0.3269230769230769 0.13822115384615385 0.12620192307692307
0 0.5372596153846154 0.4723557692307692 0.13341346153846154 0.1622596153846154
0 0.6033653846153846 0.2512019230769231 0.12259615384615384 0.12860576923076922
0 0.6742788461538461 0.2127403846153846 0.09254807692307693 0.11778846153846154
0 0.6370192307692307 0.08653846153846154 0.16466346153846154 0.17307692307692307
0 0.7692307692307693 0.14543269230769232 0.14903846153846154 0.13822115384615385
0 0.6646634615384616 0.38461538461538464 0.17668269230769232 0.18990384615384615
0 0.7644230769230769 0.29447115384615385 0.13942307692307693 0.15985576923076922
0 0.7932692307692307 0.45072115384615385 0.1935096153846154 0.19110576923076922
0 0.6646634615384616 0.5192307692307693 0.1201923076923077 0.13341346153846154
0 0.546875 0.6189903846153846 0.14543269230769232 0.13701923076923078
0 0.4098557692307692 0.7824519230769231 0.1502403846153846 0.171875
0 0.5216346153846154 0.7019230769230769 0.11658653846153846 0.14302884615384615
0 0.5288461538461539 0.8473557692307693 0.1310096153846154 0.16466346153846154
0 0.4254807692307692 0.9242788461538461 0.1346153846153846 0.15144230769230768
0 0.6502403846153846 0.8954326923076923 0.15504807692307693 0.15985576923076922
0 0.6454326923076923 0.78125 0.14783653846153846 0.10817307692307693
0 0.6586538461538461 0.65625 0.14423076923076922 0.171875
0 0.8149038461538461 0.6117788461538461 0.17067307692307693 0.20793269230769232
0 0.7800480769230769 0.8028846153846154 0.13341346153846154 0.14783653846153846
0 0.8894230769230769 0.8197115384615384 0.14423076923076922 0.15504807692307693
0 0.9098557692307693 0.3762019230769231 0.17067307692307693 0.1814903846153846
0 0.90625 0.21995192307692307 0.14302884615384615 0.1622596153846154