0 0.13701923076923078 0.21153846153846154 0.15625 0.16105769230769232
0 0.1466346153846154 0.3737980769230769 0.17067307692307693 0.1622596153846154
0 0.15985576923076922 0.5276442307692307 0.13701923076923078 0.15865384615384615
0 0.2932692307692308 0.5637019230769231 0.16346153846153846 0.19110576923076922
0 0.17548076923076922 0.6826923076923077 0.18990384615384615 0.17548076923076922
0 0.13341346153846154 0.8197115384615384 0.14903846153846154 0.15264423076923078
0 0.18629807692307693 0.9134615384615384 0.13341346153846154 0.13341346153846154
0 0.24759615384615385 0.8149038461538461 0.09735576923076923 0.140625
0 0.30649038461538464 0.9290865384615384 0.109375 0.11538461538461539
0 0.3713942307692308 0.7848557692307693 0.16706730769230768 0.15625
0 0.45072115384615385 0.9110576923076923 0.16346153846153846 0.15745192307692307
0 0.40625 0.2091346153846154 0.15745192307692307 0.17307692307692307
0 0.45913461538461536 0.3269230769230769 0.11778846153846154 0.12980769230769232
0 0.5168269230769231 0.4423076923076923 0.16947115384615385 0.1622596153846154
0 0.6069711538461539 0.5612980769230769 0.17668269230769232 0.16706730769230768
0 0.5444711538461539 0.12740384615384615 0.1622596153846154 0.13581730769230768
0 0.6454326923076923 0.08653846153846154 0.13581730769230768 0.13581730769230768
0 0.5901442307692307 0.25961538461538464 0.19591346153846154 0.15264423076923078
0 0.6646634615384616 0.3762019230769231 0.20432692307692307 0.20192307692307693
0 0.7644230769230769 0.49278846153846156 0.14903846153846154 0.16706730769230768
0 0.6814903846153846 0.6887019230769231 0.15865384615384615 0.19591346153846154
0 0.7788461538461539 0.7920673076923077 0.16706730769230768 0.1778846153846154
0 0.8305288461538461 0.640625 0.140625 0.17307692307692307
0 0.8617788461538461 0.4387019230769231 0.12620192307692307 0.18629807692307693
0 0.8088942307692307 0.2824519230769231 0.20192307692307693 0.16466346153846154
0 0.7103365384615384 0.18389423076923078 0.13942307692307693 0.14783653846153846
0 0.8473557692307693 0.13341346153846154 0.14783653846153846 0.13942307692307693
0 0.9314903846153846 0.21995192307692307 0.13581730769230768 0.16346153846153846