0 0.07932692307692307 0.12860576923076922 0.15865384615384615 0.14182692307692307
0 0.17427884615384615 0.20552884615384615 0.14903846153846154 0.14423076923076922
0 0.109375 0.4338942307692308 0.14783653846153846 0.17427884615384615
0 0.28846153846153844 0.15625 0.15144230769230768 0.16346153846153846
0 0.22716346153846154 0.38341346153846156 0.14423076923076922 0.20072115384615385
0 0.35096153846153844 0.27163461538461536 0.16947115384615385 0.19110576923076922
0 0.2127403846153846 0.5913461538461539 0.1971153846153846 0.19951923076923078
0 0.17548076923076922 0.7824519230769231 0.18389423076923078 0.21153846153846154
0 0.27524038461538464 0.8894230769230769 0.1935096153846154 0.19230769230769232
0 0.3870192307692308 0.7896634615384616 0.15985576923076922 0.17427884615384615
0 0.3076923076923077 0.48677884615384615 0.19951923076923078 0.20192307692307693
0 0.40024038461538464 0.5949519230769231 0.1658653846153846 0.15504807692307693
0 0.45913461538461536 0.1502403846153846 0.11658653846153846 0.15625
0 0.49158653846153844 0.25841346153846156 0.16346153846153846 0.1658653846153846
0 0.421875 0.38822115384615385 0.18389423076923078 0.1778846153846154
0 0.5036057692307693 0.48677884615384615 0.17067307692307693 0.17067307692307693
0 0.49038461538461536 0.6838942307692307 0.14783653846153846 0.14903846153846154
0 0.43509615384615385 0.9050480769230769 0.15504807692307693 0.18990384615384615
0 0.5841346153846154 0.7872596153846154 0.16466346153846154 0.15625
0 0.6466346153846154 0.8737980769230769 0.1622596153846154 0.15144230769230768
0 0.6730769230769231 0.6790865384615384 0.21153846153846154 0.19591346153846154
0 0.5961538461538461 0.5877403846153846 0.16346153846153846 0.15504807692307693
0 0.6117788461538461 0.38221153846153844 0.1935096153846154 0.203125
0 0.7199519230769231 0.2644230769230769 0.1778846153846154 0.14903846153846154
0 0.7908653846153846 0.4014423076923077 0.18028846153846154 0.17427884615384615
0 0.7980769230769231 0.5889423076923077 0.17908653846153846 0.20673076923076922
0 0.7524038461538461 0.7704326923076923 0.16346153846153846 0.1658653846153846
0 0.8293269230769231 0.8545673076923077 0.1502403846153846 0.18509615384615385
0 0.9122596153846154 0.7824519230769231 0.17548076923076922 0.17067307692307693
0 0.8689903846153846 0.6646634615384616 0.13341346153846154 0.15985576923076922
0 0.875 0.49038461538461536 0.109375 0.13701923076923078
0 0.8990384615384616 0.28365384615384615 0.16947115384615385 0.1778846153846154
0 0.6262019230769231 0.1658653846153846 0.23076923076923078 0.20192307692307693
0 0.8185096153846154 0.17548076923076922 0.16947115384615385 0.18269230769230768