0 0.8918269230769231 0.07091346153846154 0.15144230769230768 0.140625
0 0.7584134615384616 0.06009615384615385 0.10336538461538461 0.11057692307692307
0 0.9362980769230769 0.1502403846153846 0.12740384615384615 0.11778846153846154
0 0.5132211538461539 0.08052884615384616 0.14783653846153846 0.15504807692307693
0 0.6490384615384616 0.13701923076923078 0.1502403846153846 0.171875
0 0.7860576923076923 0.17908653846153846 0.1971153846153846 0.18269230769230768
0 0.16947115384615385 0.07211538461538461 0.15625 0.14423076923076922
0 0.28846153846153844 0.14783653846153846 0.171875 0.18028846153846154
0 0.42908653846153844 0.17908653846153846 0.13221153846153846 0.1622596153846154
0 0.5456730769230769 0.24879807692307693 0.1658653846153846 0.19471153846153846
0 0.6586538461538461 0.3112980769230769 0.17668269230769232 0.19471153846153846
0 0.8004807692307693 0.3545673076923077 0.15745192307692307 0.18269230769230768
0 0.9134615384615384 0.41586538461538464 0.171875 0.20673076923076922
0 0.22355769230769232 0.27163461538461536 0.1346153846153846 0.18389423076923078
0 0.34615384615384615 0.32091346153846156 0.1814903846153846 0.19471153846153846
0 0.4639423076923077 0.39663461538461536 0.16706730769230768 0.15745192307692307
0 0.703125 0.515625 0.17668269230769232 0.19110576923076922
0 0.8341346153846154 0.5637019230769231 0.1622596153846154 0.20192307692307693
0 0.15264423076923078 0.41346153846153844 0.16947115384615385 0.17548076923076922
0 0.28966346153846156 0.47115384615384615 0.15985576923076922 0.16947115384615385
0 0.3942307692307692 0.5564903846153846 0.1658653846153846 0.17548076923076922
0 0.5048076923076923 0.6394230769230769 0.18269230769230768 0.18028846153846154
0 0.6514423076923077 0.6971153846153846 0.15865384615384615 0.20192307692307693
0 0.7716346153846154 0.7536057692307693 0.14783653846153846 0.1814903846153846
0 0.9026442307692307 0.8112980769230769 0.1622596153846154 0.17668269230769232
0 0.14543269230769232 0.5853365384615384 0.15504807692307693 0.18629807692307693
0 0.2536057692307692 0.65625 0.16706730769230768 0.18269230769230768
0 0.3473557692307692 0.7199519230769231 0.15264423076923078 0.17548076923076922
0 0.4795673076923077 0.7872596153846154 0.16105769230769232 0.17067307692307693
0 0.25 0.8353365384615384 0.15745192307692307 0.15865384615384615
0 0.8653846153846154 0.9314903846153846 0.17548076923076922 0.13701923076923078