0 0.8665865384615384 0.18509615384615385 0.17067307692307693 0.1622596153846154
0 0.24639423076923078 0.07692307692307693 0.15745192307692307 0.15384615384615385
0 0.359375 0.13942307692307693 0.11538461538461539 0.125
0 0.4963942307692308 0.20432692307692307 0.18028846153846154 0.1935096153846154
0 0.6382211538461539 0.2536057692307692 0.171875 0.1814903846153846
0 0.8858173076923077 0.3425480769230769 0.16105769230769232 0.16346153846153846
0 0.15865384615384615 0.19471153846153846 0.16826923076923078 0.1875
0 0.25961538461538464 0.24158653846153846 0.1502403846153846 0.171875
0 0.3401442307692308 0.2776442307692308 0.12980769230769232 0.14903846153846154
0 0.453125 0.33533653846153844 0.140625 0.13701923076923078
0 0.6586538461538461 0.41586538461538464 0.1502403846153846 0.15625
0 0.7632211538461539 0.45913461538461536 0.1346153846153846 0.16105769230769232
0 0.8725961538461539 0.48197115384615385 0.12379807692307693 0.14783653846153846
0 0.2764423076923077 0.4206730769230769 0.1875 0.203125
0 0.4098557692307692 0.46634615384615385 0.15504807692307693 0.16826923076923078
0 0.5360576923076923 0.5048076923076923 0.125 0.15745192307692307
0 0.6646634615384616 0.5456730769230769 0.14903846153846154 0.14783653846153846
0 0.7896634615384616 0.6033653846153846 0.13221153846153846 0.14423076923076922
0 0.9050480769230769 0.6802884615384616 0.16346153846153846 0.18990384615384615
0 0.4338942307692308 0.6574519230769231 0.14302884615384615 0.17307692307692307
0 0.5576923076923077 0.7091346153846154 0.16346153846153846 0.17908653846153846
0 0.6923076923076923 0.7872596153846154 0.18269230769230768 0.18028846153846154
0 0.8257211538461539 0.8641826923076923 0.17067307692307693 0.17427884615384615
0 0.3942307692307692 0.8617788461538461 0.15384615384615385 0.15504807692307693