0 0.20432692307692307 0.20552884615384615 0.16706730769230768 0.17548076923076922
0 0.3485576923076923 0.24759615384615385 0.13221153846153846 0.15144230769230768
0 0.47836538461538464 0.33653846153846156 0.15745192307692307 0.1622596153846154
0 0.5673076923076923 0.22596153846153846 0.12259615384615384 0.13341346153846154
0 0.6262019230769231 0.11298076923076923 0.15504807692307693 0.16826923076923078
0 0.7728365384615384 0.07692307692307693 0.1622596153846154 0.15264423076923078
0 0.8545673076923077 0.14903846153846154 0.15625 0.15144230769230768
0 0.7463942307692307 0.23076923076923078 0.1466346153846154 0.19831730769230768
0 0.8894230769230769 0.2800480769230769 0.18629807692307693 0.15144230769230768
0 0.9206730769230769 0.4362980769230769 0.15865384615384615 0.13221153846153846
0 0.5288461538461539 0.44711538461538464 0.15384615384615385 0.13341346153846154
0 0.671875 0.4855769230769231 0.15504807692307693 0.15264423076923078
0 0.5757211538461539 0.5612980769230769 0.13942307692307693 0.14903846153846154
0 0.12860576923076922 0.4639423076923077 0.1310096153846154 0.12259615384615384
0 0.07692307692307693 0.6370192307692307 0.12860576923076922 0.12259615384615384
0 0.1778846153846154 0.6850961538461539 0.12860576923076922 0.18509615384615385
0 0.28365384615384615 0.7319711538461539 0.15985576923076922 0.18509615384615385
0 0.4074519230769231 0.7331730769230769 0.15504807692307693 0.1778846153846154
0 0.5372596153846154 0.7307692307692307 0.14903846153846154 0.16105769230769232
0 0.6658653846153846 0.7391826923076923 0.14903846153846154 0.15504807692307693
0 0.7836538461538461 0.7752403846153846 0.15264423076923078 0.15504807692307693
0 0.12980769230769232 0.8617788461538461 0.16105769230769232 0.15384615384615385
0 0.25 0.8894230769230769 0.12259615384615384 0.14302884615384615
0 0.3449519230769231 0.8858173076923077 0.0985576923076923 0.1502403846153846
0 0.4170673076923077 0.8822115384615384 0.11538461538461539 0.13341346153846154
0 0.5264423076923077 0.8846153846153846 0.13822115384615385 0.14543269230769232
0 0.6502403846153846 0.8822115384615384 0.13701923076923078 0.15264423076923078