0 0.18028846153846154 0.19230769230769232 0.16826923076923078 0.1875
0 0.3088942307692308 0.23918269230769232 0.18509615384615385 0.18509615384615385
0 0.4579326923076923 0.1141826923076923 0.13822115384615385 0.18509615384615385
0 0.5973557692307693 0.16105769230769232 0.17908653846153846 0.1875
0 0.890625 0.11177884615384616 0.16947115384615385 0.16826923076923078
0 0.7944711538461539 0.23317307692307693 0.19471153846153846 0.18629807692307693
0 0.9254807692307693 0.24519230769230768 0.14903846153846154 0.14903846153846154
0 0.9026442307692307 0.3581730769230769 0.15504807692307693 0.14182692307692307
0 0.7391826923076923 0.33413461538461536 0.16466346153846154 0.16346153846153846
0 0.5901442307692307 0.3161057692307692 0.1622596153846154 0.1502403846153846
0 0.4387019230769231 0.27283653846153844 0.14182692307692307 0.16105769230769232
0 0.21634615384615385 0.3605769230769231 0.15745192307692307 0.15264423076923078
0 0.3425480769230769 0.4098557692307692 0.10096153846153846 0.0985576923076923
0 0.5925480769230769 0.47716346153846156 0.16105769230769232 0.1658653846153846
0 0.7115384615384616 0.48197115384615385 0.1346153846153846 0.171875
0 0.8389423076923077 0.49399038461538464 0.15144230769230768 0.17427884615384615
0 0.11658653846153846 0.5336538461538461 0.09134615384615384 0.10697115384615384
0 0.25961538461538464 0.5396634615384616 0.140625 0.14783653846153846
0 0.3401442307692308 0.6081730769230769 0.12139423076923077 0.15985576923076922
0 0.43028846153846156 0.6153846153846154 0.09735576923076923 0.15625
0 0.5336538461538461 0.640625 0.15745192307692307 0.19951923076923078
0 0.6514423076923077 0.6526442307692307 0.11177884615384616 0.12980769230769232
0 0.7572115384615384 0.671875 0.140625 0.18269230769230768
0 0.8858173076923077 0.6790865384615384 0.15985576923076922 0.17548076923076922
0 0.1201923076923077 0.7716346153846154 0.1201923076923077 0.11298076923076923
0 0.4266826923076923 0.8149038461538461 0.12620192307692307 0.14182692307692307
0 0.5600961538461539 0.8413461538461539 0.1875 0.171875
0 0.8137019230769231 0.8509615384615384 0.18028846153846154 0.1814903846153846