0 0.09375 0.2127403846153846 0.16706730769230768 0.21754807692307693
0 0.21634615384615385 0.2247596153846154 0.15865384615384615 0.2091346153846154
0 0.5913461538461539 0.12980769230769232 0.1622596153846154 0.15985576923076922
0 0.7403846153846154 0.12259615384615384 0.17668269230769232 0.20793269230769232
0 0.859375 0.12860576923076922 0.12740384615384615 0.13942307692307693
0 0.7788461538461539 0.2764423076923077 0.21634615384615385 0.1971153846153846
0 0.9074519230769231 0.2956730769230769 0.09254807692307693 0.11177884615384616
0 0.8545673076923077 0.42908653846153844 0.13581730769230768 0.13221153846153846
0 0.7319711538461539 0.41346153846153844 0.13581730769230768 0.10336538461538461
0 0.7091346153846154 0.5120192307692307 0.18870192307692307 0.15745192307692307
0 0.828125 0.5564903846153846 0.12259615384615384 0.14302884615384615
0 0.3016826923076923 0.5216346153846154 0.140625 0.1141826923076923
0 0.1814903846153846 0.5889423076923077 0.18028846153846154 0.17067307692307693
0 0.28365384615384615 0.7632211538461539 0.125 0.14783653846153846
0 0.38822115384615385 0.7884615384615384 0.13341346153846154 0.19831730769230768
0 0.5 0.8365384615384616 0.1346153846153846 0.18269230769230768
0 0.6045673076923077 0.8774038461538461 0.14903846153846154 0.18509615384615385
0 0.7680288461538461 0.9086538461538461 0.15985576923076922 0.1466346153846154
0 0.19591346153846154 0.8930288461538461 0.17548076923076922 0.1875
0 0.0829326923076923 0.8545673076923077 0.12620192307692307 0.12860576923076922