0 0.42427884615384615 0.06009615384615385 0.11778846153846154 0.1201923076923077
0 0.5600961538461539 0.08533653846153846 0.18269230769230768 0.1622596153846154
0 0.7992788461538461 0.09134615384615384 0.15985576923076922 0.17668269230769232
0 0.9302884615384616 0.0829326923076923 0.13942307692307693 0.1466346153846154
0 0.30408653846153844 0.20552884615384615 0.0985576923076923 0.10576923076923077
0 0.39783653846153844 0.20673076923076922 0.09014423076923077 0.12139423076923077
0 0.48677884615384615 0.23197115384615385 0.10817307692307693 0.14302884615384615
0 0.6021634615384616 0.2512019230769231 0.1201923076923077 0.13942307692307693
0 0.7295673076923077 0.24519230769230768 0.16105769230769232 0.17668269230769232
0 0.8557692307692307 0.24879807692307693 0.13341346153846154 0.1502403846153846
0 0.8173076923076923 0.36177884615384615 0.14423076923076922 0.13581730769230768
0 0.9362980769230769 0.3701923076923077 0.12740384615384615 0.15865384615384615
0 0.5492788461538461 0.35697115384615385 0.14182692307692307 0.15144230769230768
0 0.41586538461538464 0.5096153846153846 0.16947115384615385 0.17668269230769232
0 0.11899038461538461 0.34134615384615385 0.15625 0.1778846153846154
0 0.10697115384615384 0.46274038461538464 0.13942307692307693 0.15504807692307693
0 0.20552884615384615 0.41466346153846156 0.10697115384615384 0.11057692307692307
0 0.1935096153846154 0.5528846153846154 0.15504807692307693 0.17067307692307693
0 0.265625 0.6658653846153846 0.18870192307692307 0.16105769230769232
0 0.3076923076923077 0.7680288461538461 0.16346153846153846 0.12620192307692307
0 0.14543269230769232 0.7728365384615384 0.17908653846153846 0.17548076923076922
0 0.18028846153846154 0.9122596153846154 0.18028846153846154 0.15144230769230768
0 0.3449519230769231 0.8954326923076923 0.1466346153846154 0.15985576923076922
0 0.4338942307692308 0.65625 0.15745192307692307 0.15625
0 0.45913461538461536 0.7932692307692307 0.125 0.13581730769230768
0 0.5600961538461539 0.6021634615384616 0.17307692307692307 0.18870192307692307
0 0.5697115384615384 0.7319711538461539 0.15384615384615385 0.14543269230769232
0 0.6754807692307693 0.6550480769230769 0.1346153846153846 0.1658653846153846
0 0.6850961538461539 0.8185096153846154 0.14543269230769232 0.16466346153846154
0 0.7896634615384616 0.7524038461538461 0.1466346153846154 0.1814903846153846
0 0.9026442307692307 0.6850961538461539 0.14903846153846154 0.15865384615384615
0 0.5516826923076923 0.8930288461538461 0.20072115384615385 0.19110576923076922
0 0.7728365384615384 0.9158653846153846 0.13341346153846154 0.13701923076923078
0 0.8774038461538461 0.8533653846153846 0.12139423076923077 0.1466346153846154