0 0.20072115384615385 0.13221153846153846 0.1778846153846154 0.18870192307692307
0 0.0829326923076923 0.11538461538461539 0.11658653846153846 0.14903846153846154
0 0.49399038461538464 0.08774038461538461 0.11899038461538461 0.171875
0 0.6069711538461539 0.11778846153846154 0.140625 0.15384615384615385
0 0.7620192307692307 0.1502403846153846 0.14783653846153846 0.14543269230769232
0 0.5300480769230769 0.23557692307692307 0.13221153846153846 0.1346153846153846
0 0.6526442307692307 0.26322115384615385 0.12139423076923077 0.1346153846153846
0 0.7524038461538461 0.30649038461538464 0.15504807692307693 0.16466346153846154
0 0.7223557692307693 0.5240384615384616 0.15985576923076922 0.18389423076923078
0 0.6129807692307693 0.4326923076923077 0.16706730769230768 0.1622596153846154
0 0.4807692307692308 0.38822115384615385 0.13822115384615385 0.13341346153846154
0 0.7644230769230769 0.8629807692307693 0.16105769230769232 0.15144230769230768
0 0.47836538461538464 0.8197115384615384 0.14423076923076922 0.16346153846153846
0 0.6971153846153846 0.7391826923076923 0.13581730769230768 0.16466346153846154
0 0.625 0.6177884615384616 0.11899038461538461 0.13701923076923078
0 0.5324519230769231 0.5300480769230769 0.140625 0.13822115384615385
0 0.41586538461538464 0.47596153846153844 0.12860576923076922 0.109375
0 0.29927884615384615 0.47596153846153844 0.125 0.140625
0 0.4014423076923077 0.7680288461538461 0.09495192307692307 0.1310096153846154
0 0.3137019230769231 0.7427884615384616 0.1201923076923077 0.13581730769230768
0 0.203125 0.7271634615384616 0.11177884615384616 0.1502403846153846
0 0.09375 0.7259615384615384 0.14182692307692307 0.13221153846153846
0 0.37259615384615385 0.9278846153846154 0.09495192307692307 0.09495192307692307
0 0.2403846153846154 0.8713942307692307 0.0889423076923077 0.11177884615384616
0 0.125 0.8641826923076923 0.10576923076923077 0.0673076923076923
0 0.19230769230769232 0.4639423076923077 0.11538461538461539 0.15504807692307693
0 0.12259615384615384 0.3161057692307692 0.1778846153846154 0.171875
0 0.07572115384615384 0.4230769230769231 0.11778846153846154 0.11538461538461539