0 0.20793269230769232 0.14182692307692307 0.13581730769230768 0.1310096153846154
0 0.16826923076923078 0.24759615384615385 0.14783653846153846 0.15504807692307693
0 0.2764423076923077 0.08653846153846154 0.14543269230769232 0.1502403846153846
0 0.4206730769230769 0.125 0.13221153846153846 0.13341346153846154
0 0.1658653846153846 0.40384615384615385 0.15384615384615385 0.15745192307692307
0 0.2764423076923077 0.4879807692307692 0.15985576923076922 0.19230769230769232
0 0.36658653846153844 0.4254807692307692 0.10817307692307693 0.12379807692307693
0 0.15625 0.5853365384615384 0.21394230769230768 0.25240384615384615
0 0.24158653846153846 0.6454326923076923 0.17668269230769232 0.15264423076923078
0 0.1971153846153846 0.7860576923076923 0.16105769230769232 0.13822115384615385
0 0.08774038461538461 0.8762019230769231 0.11658653846153846 0.18629807692307693
0 0.2932692307692308 0.8677884615384616 0.1622596153846154 0.18028846153846154
0 0.3629807692307692 0.7391826923076923 0.16826923076923078 0.21634615384615385
0 0.47716346153846156 0.7920673076923077 0.17548076923076922 0.21875
0 0.5745192307692307 0.6790865384615384 0.1466346153846154 0.13581730769230768
0 0.625 0.8209134615384616 0.14182692307692307 0.15144230769230768
0 0.7019230769230769 0.6995192307692307 0.12740384615384615 0.15144230769230768
0 0.84375 0.71875 0.1622596153846154 0.18269230769230768
0 0.7572115384615384 0.84375 0.12379807692307693 0.13942307692307693
0 0.9026442307692307 0.8689903846153846 0.1310096153846154 0.16346153846153846
0 0.44350961538461536 0.4795673076923077 0.1141826923076923 0.10576923076923077
0 0.5757211538461539 0.5120192307692307 0.14783653846153846 0.15985576923076922
0 0.8305288461538461 0.5444711538461539 0.11899038461538461 0.1502403846153846
0 0.7584134615384616 0.43990384615384615 0.1310096153846154 0.15144230769230768
0 0.8028846153846154 0.2127403846153846 0.16105769230769232 0.1658653846153846
0 0.859375 0.0889423076923077 0.16105769230769232 0.13822115384615385
0 0.8617788461538461 0.3269230769230769 0.13822115384615385 0.1622596153846154
0 0.9134615384615384 0.4579326923076923 0.13942307692307693 0.15985576923076922