0 0.08533653846153846 0.19591346153846154 0.13221153846153846 0.16346153846153846
0 0.2283653846153846 0.18629807692307693 0.1502403846153846 0.15865384615384615
0 0.375 0.1814903846153846 0.15745192307692307 0.1778846153846154
0 0.5204326923076923 0.1778846153846154 0.13942307692307693 0.16105769230769232
0 0.7860576923076923 0.17307692307692307 0.09735576923076923 0.12379807692307693
0 0.7391826923076923 0.2920673076923077 0.1502403846153846 0.1502403846153846
0 0.5961538461538461 0.3004807692307692 0.14182692307692307 0.16826923076923078
0 0.1466346153846154 0.31009615384615385 0.13701923076923078 0.14543269230769232
0 0.2800480769230769 0.4206730769230769 0.15865384615384615 0.19951923076923078
0 0.4387019230769231 0.3173076923076923 0.1045673076923077 0.12740384615384615
0 0.42788461538461536 0.47716346153846156 0.18509615384615385 0.21033653846153846
0 0.5336538461538461 0.4050480769230769 0.109375 0.09735576923076923
0 0.6790865384615384 0.43028846153846156 0.13822115384615385 0.1310096153846154
0 0.8257211538461539 0.4098557692307692 0.12980769230769232 0.13341346153846154
0 0.12980769230769232 0.5925480769230769 0.109375 0.12259615384615384
0 0.2848557692307692 0.6286057692307693 0.14423076923076922 0.14783653846153846
0 0.5528846153846154 0.5625 0.16706730769230768 0.21995192307692307
0 0.7139423076923077 0.5504807692307693 0.15264423076923078 0.10576923076923077
0 0.6862980769230769 0.671875 0.15625 0.15865384615384615
0 0.8521634615384616 0.5733173076923077 0.1201923076923077 0.1045673076923077
0 0.8149038461538461 0.6995192307692307 0.16947115384615385 0.18990384615384615
0 0.41466346153846156 0.6983173076923077 0.07451923076923077 0.0889423076923077
0 0.47716346153846156 0.8004807692307693 0.13221153846153846 0.14783653846153846
0 0.1502403846153846 0.7139423076923077 0.13221153846153846 0.16706730769230768
0 0.30408653846153844 0.7584134615384616 0.14543269230769232 0.15144230769230768
0 0.6153846153846154 0.8353365384615384 0.14543269230769232 0.16826923076923078
0 0.8233173076923077 0.9050480769230769 0.09615384615384616 0.0985576923076923
0 0.9338942307692307 0.7920673076923077 0.13221153846153846 0.16105769230769232