0 0.2608173076923077 0.09134615384615384 0.13942307692307693 0.15985576923076922
0 0.4074519230769231 0.08774038461538461 0.15504807692307693 0.14783653846153846
0 0.5480769230769231 0.08052884615384616 0.13341346153846154 0.13221153846153846
0 0.703125 0.08173076923076923 0.13701923076923078 0.13341346153846154
0 0.84375 0.07091346153846154 0.10576923076923077 0.11778846153846154
0 0.18269230769230768 0.2247596153846154 0.15384615384615385 0.171875
0 0.33533653846153844 0.22115384615384615 0.14783653846153846 0.15865384615384615
0 0.4831730769230769 0.1971153846153846 0.15384615384615385 0.15865384615384615
0 0.6262019230769231 0.20552884615384615 0.125 0.13701923076923078
0 0.7776442307692307 0.20432692307692307 0.11057692307692307 0.12379807692307693
0 0.19471153846153846 0.4651442307692308 0.1466346153846154 0.1658653846153846
0 0.4074519230769231 0.3401442307692308 0.15745192307692307 0.16466346153846154
0 0.5685096153846154 0.33774038461538464 0.15745192307692307 0.15264423076923078
0 0.34975961538461536 0.46033653846153844 0.16105769230769232 0.17668269230769232
0 0.5 0.45913461538461536 0.15625 0.171875
0 0.13701923076923078 0.5961538461538461 0.16706730769230768 0.17548076923076922
0 0.27884615384615385 0.5877403846153846 0.15504807692307693 0.17067307692307693
0 0.43149038461538464 0.5901442307692307 0.16105769230769232 0.17307692307692307
0 0.5841346153846154 0.5877403846153846 0.1346153846153846 0.15264423076923078
0 0.7211538461538461 0.5733173076923077 0.11899038461538461 0.12740384615384615
0 0.8641826923076923 0.5697115384615384 0.09615384615384616 0.10096153846153846
0 0.7980769230769231 0.6995192307692307 0.125 0.13822115384615385
0 0.5084134615384616 0.7139423076923077 0.11658653846153846 0.13822115384615385
0 0.21153846153846154 0.7247596153846154 0.15745192307692307 0.17427884615384615
0 0.4387019230769231 0.8425480769230769 0.14302884615384615 0.1466346153846154
0 0.29927884615384615 0.8509615384615384 0.13341346153846154 0.140625
0 0.15264423076923078 0.8557692307692307 0.1622596153846154 0.16105769230769232
0 0.7175480769230769 0.859375 0.09375 0.09134615384615384
0 0.8786057692307693 0.8233173076923077 0.1466346153846154 0.15865384615384615
0 0.9290865384615384 0.4387019230769231 0.14182692307692307 0.15144230769230768