0 0.0829326923076923 0.06129807692307692 0.1045673076923077 0.0985576923076923
0 0.22956730769230768 0.055288461538461536 0.09254807692307693 0.08653846153846154
0 0.30408653846153844 0.17908653846153846 0.14182692307692307 0.14182692307692307
0 0.45552884615384615 0.17307692307692307 0.12259615384615384 0.13341346153846154
0 0.5925480769230769 0.16706730769230768 0.14423076923076922 0.14543269230769232
0 0.7463942307692307 0.15985576923076922 0.1141826923076923 0.1310096153846154
0 0.8233173076923077 0.2824519230769231 0.12139423076923077 0.14903846153846154
0 0.6730769230769231 0.28725961538461536 0.13701923076923078 0.15745192307692307
0 0.5264423076923077 0.28966346153846156 0.125 0.13341346153846154
0 0.37740384615384615 0.30649038461538464 0.125 0.14182692307692307
0 0.23677884615384615 0.30288461538461536 0.14302884615384615 0.16826923076923078
0 0.171875 0.4387019230769231 0.15144230769230768 0.14543269230769232
0 0.32211538461538464 0.4326923076923077 0.15144230769230768 0.16826923076923078
0 0.46153846153846156 0.4266826923076923 0.125 0.1346153846153846
0 0.6069711538461539 0.41947115384615385 0.125 0.1346153846153846
0 0.7439903846153846 0.4050480769230769 0.12259615384615384 0.12379807692307693
0 0.10336538461538461 0.5709134615384616 0.09254807692307693 0.09495192307692307
0 0.24519230769230768 0.5673076923076923 0.12740384615384615 0.1310096153846154
0 0.3894230769230769 0.5625 0.09495192307692307 0.11057692307692307
0 0.5396634615384616 0.5456730769230769 0.11899038461538461 0.12139423076923077
0 0.6790865384615384 0.5360576923076923 0.13581730769230768 0.15745192307692307
0 0.8245192307692307 0.5276442307692307 0.1141826923076923 0.13221153846153846
0 0.7620192307692307 0.6538461538461539 0.1201923076923077 0.1346153846153846
0 0.6165865384615384 0.6622596153846154 0.14783653846153846 0.15504807692307693
0 0.4675480769230769 0.671875 0.12860576923076922 0.16466346153846154
0 0.328125 0.6911057692307693 0.12740384615384615 0.14783653846153846
0 0.1814903846153846 0.6923076923076923 0.14903846153846154 0.1622596153846154
0 0.1201923076923077 0.8197115384615384 0.15144230769230768 0.15865384615384615
0 0.546875 0.796875 0.12620192307692307 0.15625
0 0.703125 0.7908653846153846 0.14903846153846154 0.16826923076923078
0 0.8413461538461539 0.7776442307692307 0.12620192307692307 0.15264423076923078
0 0.3918269230769231 0.8509615384615384 0.12379807692307693 0.125
0 0.6286057692307693 0.9230769230769231 0.12980769230769232 0.1502403846153846
0 0.7740384615384616 0.9026442307692307 0.1141826923076923 0.1310096153846154
0 0.9110576923076923 0.9050480769230769 0.15745192307692307 0.17427884615384615