0 0.27403846153846156 0.15504807692307693 0.15384615384615385 0.17548076923076922
0 0.41466346153846156 0.14423076923076922 0.11778846153846154 0.15384615384615385
0 0.546875 0.14543269230769232 0.11778846153846154 0.14182692307692307
0 0.6995192307692307 0.11899038461538461 0.14903846153846154 0.17067307692307693
0 0.8401442307692307 0.10336538461538461 0.14182692307692307 0.16346153846153846
0 0.6310096153846154 0.25600961538461536 0.12740384615384615 0.13221153846153846
0 0.7680288461538461 0.23317307692307693 0.16105769230769232 0.17307692307692307
0 0.9242788461538461 0.24759615384615385 0.15144230769230768 0.17307692307692307
0 0.8353365384615384 0.3605769230769231 0.14182692307692307 0.15865384615384615
0 0.703125 0.36899038461538464 0.1466346153846154 0.16105769230769232
0 0.5697115384615384 0.38100961538461536 0.16346153846153846 0.1466346153846154
0 0.2824519230769231 0.40625 0.1466346153846154 0.16826923076923078
0 0.6370192307692307 0.4987980769230769 0.17307692307692307 0.16105769230769232
0 0.9170673076923077 0.5012019230769231 0.1658653846153846 0.17067307692307693
0 0.21514423076923078 0.53125 0.17067307692307693 0.18269230769230768
0 0.3401442307692308 0.5132211538461539 0.17548076923076922 0.17548076923076922
0 0.06850961538461539 0.27884615384615385 0.12740384615384615 0.14903846153846154
0 0.07211538461538461 0.5300480769230769 0.14423076923076922 0.18509615384615385
0 0.5793269230769231 0.6274038461538461 0.14903846153846154 0.17307692307692307
0 0.7175480769230769 0.6213942307692307 0.17067307692307693 0.17548076923076922
0 0.8112980769230769 0.7091346153846154 0.13221153846153846 0.13942307692307693
0 0.3016826923076923 0.6526442307692307 0.17548076923076922 0.1658653846153846
0 0.5204326923076923 0.7560096153846154 0.20432692307692307 0.1658653846153846
0 0.3605769230769231 0.7560096153846154 0.1346153846153846 0.17067307692307693
0 0.22596153846153846 0.75 0.15384615384615385 0.14423076923076922
0 0.09014423076923077 0.7608173076923077 0.14182692307692307 0.14182692307692307
0 0.9447115384615384 0.7163461538461539 0.11057692307692307 0.15384615384615385
0 0.8605769230769231 0.8689903846153846 0.0985576923076923 0.14423076923076922
0 0.7439903846153846 0.8665865384615384 0.13701923076923078 0.12259615384615384
0 0.45552884615384615 0.8737980769230769 0.15625 0.13701923076923078
0 0.3016826923076923 0.8810096153846154 0.16826923076923078 0.19230769230769232
0 0.15384615384615385 0.8930288461538461 0.16346153846153846 0.18028846153846154