0 0.10576923076923077 0.10697115384615384 0.14423076923076922 0.1622596153846154
0 0.1875 0.1778846153846154 0.14543269230769232 0.14783653846153846
0 0.14543269230769232 0.26802884615384615 0.1622596153846154 0.15384615384615385
0 0.2920673076923077 0.10096153846153846 0.16706730769230768 0.15985576923076922
0 0.4230769230769231 0.17307692307692307 0.13822115384615385 0.15264423076923078
0 0.5685096153846154 0.20192307692307693 0.1502403846153846 0.16947115384615385
0 0.7139423076923077 0.23677884615384615 0.10096153846153846 0.1201923076923077
0 0.7548076923076923 0.07451923076923077 0.15144230769230768 0.14543269230769232
0 0.90625 0.09615384615384616 0.12379807692307693 0.14783653846153846
0 0.9098557692307693 0.2512019230769231 0.12980769230769232 0.14302884615384615
0 0.3125 0.30288461538461536 0.125 0.12860576923076922
0 0.43509615384615385 0.5012019230769231 0.18509615384615385 0.20192307692307693
0 0.6610576923076923 0.48677884615384615 0.16826923076923078 0.16466346153846154
0 0.8076923076923077 0.44471153846153844 0.140625 0.17427884615384615
0 0.7055288461538461 0.5637019230769231 0.13942307692307693 0.140625
0 0.44711538461538464 0.6526442307692307 0.15144230769230768 0.1502403846153846
0 0.5961538461538461 0.6634615384615384 0.14903846153846154 0.17427884615384615
0 0.3545673076923077 0.7692307692307693 0.140625 0.140625
0 0.19591346153846154 0.7524038461538461 0.10697115384615384 0.109375
0 0.1045673076923077 0.8858173076923077 0.12379807692307693 0.13822115384615385
0 0.2512019230769231 0.9110576923076923 0.18269230769230768 0.17668269230769232
0 0.6370192307692307 0.7764423076923077 0.10697115384615384 0.109375
0 0.6911057692307693 0.8485576923076923 0.11778846153846154 0.12980769230769232
0 0.7512019230769231 0.6802884615384616 0.18509615384615385 0.19951923076923078
0 0.8978365384615384 0.5444711538461539 0.15504807692307693 0.13341346153846154
0 0.8293269230769231 0.8185096153846154 0.16105769230769232 0.23798076923076922