0 0.14423076923076922 0.10336538461538461 0.14302884615384615 0.15985576923076922
0 0.27163461538461536 0.11899038461538461 0.17307692307692307 0.16466346153846154
0 0.4326923076923077 0.18028846153846154 0.17067307692307693 0.1971153846153846
0 0.328125 0.2668269230769231 0.18269230769230768 0.17307692307692307
0 0.15144230769230768 0.25721153846153844 0.14783653846153846 0.15384615384615385
0 0.5084134615384616 0.2704326923076923 0.14423076923076922 0.171875
0 0.5745192307692307 0.28846153846153844 0.14302884615384615 0.1466346153846154
0 0.5853365384615384 0.15384615384615385 0.13701923076923078 0.12139423076923077
0 0.6262019230769231 0.078125 0.15504807692307693 0.13701923076923078
0 0.7307692307692307 0.28966346153846156 0.17427884615384615 0.1658653846153846
0 0.7836538461538461 0.18389423076923078 0.16826923076923078 0.16105769230769232
0 0.7608173076923077 0.0733173076923077 0.11778846153846154 0.12259615384615384
0 0.8713942307692307 0.07932692307692307 0.13701923076923078 0.15384615384615385
0 0.859375 0.2692307692307692 0.07451923076923077 0.1045673076923077
0 0.6418269230769231 0.5204326923076923 0.12620192307692307 0.12139423076923077
0 0.5264423076923077 0.4891826923076923 0.13822115384615385 0.17427884615384615
0 0.4050480769230769 0.46634615384615385 0.15264423076923078 0.20673076923076922
0 0.3004807692307692 0.4879807692307692 0.12620192307692307 0.14302884615384615
0 0.22235576923076922 0.4411057692307692 0.14423076923076922 0.17067307692307693
0 0.13822115384615385 0.546875 0.1622596153846154 0.14423076923076922
0 0.46274038461538464 0.6105769230769231 0.11778846153846154 0.09134615384615384
0 0.5 0.7175480769230769 0.15985576923076922 0.18629807692307693
0 0.6346153846153846 0.7331730769230769 0.15384615384615385 0.18269230769230768
0 0.3317307692307692 0.6887019230769231 0.18629807692307693 0.20432692307692307
0 0.1622596153846154 0.6550480769230769 0.16706730769230768 0.16706730769230768
0 0.2283653846153846 0.8305288461538461 0.19951923076923078 0.20793269230769232
0 0.4110576923076923 0.8485576923076923 0.17668269230769232 0.13581730769230768
0 0.5564903846153846 0.8629807692307693 0.16346153846153846 0.14903846153846154
0 0.8401442307692307 0.5072115384615384 0.07451923076923077 0.07692307692307693
0 0.9206730769230769 0.45913461538461536 0.11778846153846154 0.10216346153846154
0 0.9350961538461539 0.5733173076923077 0.12980769230769232 0.15625
0 0.7908653846153846 0.7271634615384616 0.12620192307692307 0.12860576923076922
0 0.9086538461538461 0.8233173076923077 0.1502403846153846 0.13581730769230768
0 0.7752403846153846 0.8569711538461539 0.17427884615384615 0.15264423076923078
0 0.9278846153846154 0.7139423076923077 0.14423076923076922 0.125