0 0.515625 0.17908653846153846 0.15384615384615385 0.17067307692307693
0 0.6538461538461539 0.4326923076923077 0.1466346153846154 0.17427884615384615
0 0.6694711538461539 0.7860576923076923 0.15745192307692307 0.16346153846153846
0 0.84375 0.4411057692307692 0.14903846153846154 0.16826923076923078
0 0.24158653846153846 0.8125 0.15264423076923078 0.18509615384615385
0 0.484375 0.43028846153846156 0.15384615384615385 0.17067307692307693
0 0.5060096153846154 0.7139423076923077 0.14543269230769232 0.13581730769230768
0 0.5709134615384616 0.5516826923076923 0.16105769230769232 0.1814903846153846
0 0.8209134615384616 0.14423076923076922 0.10336538461538461 0.10096153846153846
0 0.6153846153846154 0.07932692307692307 0.14903846153846154 0.15625
0 0.3269230769230769 0.19831730769230768 0.0985576923076923 0.125
0 0.26322115384615385 0.23317307692307693 0.08653846153846154 0.11778846153846154
0 0.671875 0.20192307692307693 0.140625 0.14302884615384615
0 0.7584134615384616 0.31009615384615385 0.171875 0.17427884615384615
0 0.9230769230769231 0.30649038461538464 0.14182692307692307 0.15264423076923078
0 0.5853365384615384 0.3088942307692308 0.15144230769230768 0.13942307692307693
0 0.1971153846153846 0.3557692307692308 0.1658653846153846 0.17067307692307693
0 0.359375 0.39903846153846156 0.15264423076923078 0.20072115384615385
0 0.1141826923076923 0.4387019230769231 0.14182692307692307 0.16947115384615385
0 0.15264423076923078 0.5384615384615384 0.15865384615384615 0.14423076923076922
0 0.2620192307692308 0.47716346153846156 0.15384615384615385 0.14543269230769232
0 0.42908653846153844 0.59375 0.13221153846153846 0.15625
0 0.29447115384615385 0.6177884615384616 0.15144230769230768 0.18028846153846154
0 0.6310096153846154 0.6610576923076923 0.12740384615384615 0.15144230769230768
0 0.7596153846153846 0.6622596153846154 0.16346153846153846 0.140625
0 0.5420673076923077 0.8533653846153846 0.15264423076923078 0.15745192307692307
0 0.39302884615384615 0.8161057692307693 0.16346153846153846 0.16706730769230768
0 0.8810096153846154 0.6862980769230769 0.14903846153846154 0.13341346153846154
0 0.9086538461538461 0.5637019230769231 0.12740384615384615 0.11899038461538461
0 0.17067307692307693 0.6262019230769231 0.11658653846153846 0.1141826923076923
0 0.8125 0.8064903846153846 0.15144230769230768 0.16466346153846154