0 0.15504807692307693 0.0985576923076923 0.15504807692307693 0.15384615384615385
0 0.29927884615384615 0.09014423076923077 0.13701923076923078 0.14543269230769232
0 0.4387019230769231 0.08533653846153846 0.13701923076923078 0.14182692307692307
0 0.7139423076923077 0.0985576923076923 0.09014423076923077 0.08774038461538461
0 0.8834134615384616 0.07211538461538461 0.15264423076923078 0.14423076923076922
0 0.08653846153846154 0.2283653846153846 0.14423076923076922 0.15745192307692307
0 0.234375 0.21634615384615385 0.11298076923076923 0.11298076923076923
0 0.3798076923076923 0.21514423076923078 0.14182692307692307 0.13221153846153846
0 0.5192307692307693 0.20673076923076922 0.15625 0.14423076923076922
0 0.671875 0.19951923076923078 0.1502403846153846 0.13701923076923078
0 0.8112980769230769 0.18990384615384615 0.1346153846153846 0.14903846153846154
0 0.31971153846153844 0.34134615384615385 0.1310096153846154 0.12740384615384615
0 0.4723557692307692 0.32091346153846156 0.1201923076923077 0.11658653846153846
0 0.609375 0.33052884615384615 0.13221153846153846 0.13942307692307693
0 0.3161057692307692 0.5060096153846154 0.17668269230769232 0.16105769230769232
0 0.6129807692307693 0.49038461538461536 0.1346153846153846 0.12259615384615384
0 0.7560096153846154 0.47596153846153844 0.17668269230769232 0.17668269230769232
0 0.4567307692307692 0.5817307692307693 0.14543269230769232 0.16826923076923078
0 0.9399038461538461 0.4362980769230769 0.1201923076923077 0.14182692307692307
0 0.6045673076923077 0.5913461538461539 0.11899038461538461 0.12139423076923077
0 0.7487980769230769 0.5805288461538461 0.14423076923076922 0.13701923076923078
0 0.3088942307692308 0.6069711538461539 0.09975961538461539 0.11298076923076923
0 0.11298076923076923 0.7271634615384616 0.14543269230769232 0.16105769230769232
0 0.8221153846153846 0.6983173076923077 0.1346153846153846 0.14783653846153846
0 0.6814903846153846 0.6959134615384616 0.08052884615384616 0.09495192307692307
0 0.5324519230769231 0.7055288461538461 0.09014423076923077 0.109375
0 0.17908653846153846 0.8401442307692307 0.1346153846153846 0.13341346153846154
0 0.3233173076923077 0.8293269230769231 0.12259615384615384 0.12740384615384615
0 0.4675480769230769 0.828125 0.14903846153846154 0.1502403846153846
0 0.6201923076923077 0.8257211538461539 0.15384615384615385 0.15865384615384615
0 0.7668269230769231 0.8221153846153846 0.109375 0.12139423076923077