0 0.2704326923076923 0.30528846153846156 0.10216346153846154 0.12259615384615384
0 0.421875 0.29086538461538464 0.14182692307692307 0.13822115384615385
0 0.47475961538461536 0.4110576923076923 0.13701923076923078 0.13701923076923078
0 0.6634615384615384 0.39903846153846156 0.14783653846153846 0.15625
0 0.33774038461538464 0.18269230769230768 0.13581730769230768 0.15504807692307693
0 0.38822115384615385 0.0889423076923077 0.13341346153846154 0.12860576923076922
0 0.49399038461538464 0.17067307692307693 0.15985576923076922 0.171875
0 0.18509615384615385 0.4326923076923077 0.13581730769230768 0.14783653846153846
0 0.42788461538461536 0.546875 0.14903846153846154 0.14903846153846154
0 0.6502403846153846 0.6754807692307693 0.13701923076923078 0.15625
0 0.36538461538461536 0.6850961538461539 0.10576923076923077 0.13341346153846154
0 0.43028846153846156 0.8052884615384616 0.109375 0.13822115384615385
0 0.5793269230769231 0.8088942307692307 0.13581730769230768 0.14543269230769232
0 0.7115384615384616 0.27403846153846156 0.15144230769230768 0.16466346153846154
0 0.6394230769230769 0.15625 0.12620192307692307 0.16466346153846154
0 0.8497596153846154 0.27524038461538464 0.14182692307692307 0.171875
0 0.7800480769230769 0.13701923076923078 0.12620192307692307 0.13341346153846154
0 0.9182692307692307 0.14182692307692307 0.16346153846153846 0.20072115384615385
0 0.9278846153846154 0.3954326923076923 0.14423076923076922 0.17067307692307693
0 0.06850961538461539 0.6947115384615384 0.13341346153846154 0.14903846153846154
0 0.21754807692307693 0.9302884615384616 0.13701923076923078 0.13942307692307693