0 0.14783653846153846 0.13942307692307693 0.16346153846153846 0.19230769230769232
0 0.2920673076923077 0.12980769230769232 0.13822115384615385 0.1622596153846154
0 0.43990384615384615 0.12980769230769232 0.15985576923076922 0.15504807692307693
0 0.7391826923076923 0.1141826923076923 0.10216346153846154 0.09495192307692307
0 0.8581730769230769 0.11177884615384616 0.09375 0.12139423076923077
0 0.0829326923076923 0.28125 0.12980769230769232 0.15504807692307693
0 0.23317307692307693 0.28365384615384615 0.16105769230769232 0.15144230769230768
0 0.36778846153846156 0.2620192307692308 0.14783653846153846 0.15504807692307693
0 0.5180288461538461 0.24639423076923078 0.15264423076923078 0.17067307692307693
0 0.6646634615384616 0.24519230769230768 0.13942307692307693 0.14903846153846154
0 0.7920673076923077 0.22235576923076922 0.12620192307692307 0.14302884615384615
0 0.16706730769230768 0.3954326923076923 0.13341346153846154 0.15745192307692307
0 0.3112980769230769 0.3918269230769231 0.14903846153846154 0.13701923076923078
0 0.45552884615384615 0.37740384615384615 0.13701923076923078 0.12980769230769232
0 0.5985576923076923 0.3701923076923077 0.14423076923076922 0.12139423076923077
0 0.7367788461538461 0.35216346153846156 0.1310096153846154 0.14423076923076922
0 0.8473557692307693 0.34375 0.13822115384615385 0.1502403846153846
0 0.24278846153846154 0.5216346153846154 0.13581730769230768 0.14903846153846154
0 0.3713942307692308 0.5048076923076923 0.12620192307692307 0.1466346153846154
0 0.5048076923076923 0.5 0.17427884615384615 0.15745192307692307
0 0.671875 0.4651442307692308 0.15865384615384615 0.17307692307692307
0 0.828125 0.47115384615384615 0.15144230769230768 0.14783653846153846
0 0.8978365384615384 0.5901442307692307 0.15985576923076922 0.14423076923076922
0 0.4375 0.6141826923076923 0.14903846153846154 0.15144230769230768
0 0.6298076923076923 0.6177884615384616 0.15264423076923078 0.16947115384615385
0 0.8269230769230769 0.7199519230769231 0.14302884615384615 0.14543269230769232
0 0.90625 0.8509615384615384 0.1622596153846154 0.1622596153846154