0 0.19831730769230768 0.1814903846153846 0.15264423076923078 0.15264423076923078
0 0.07932692307692307 0.21634615384615385 0.14783653846153846 0.1875
0 0.1502403846153846 0.06850961538461539 0.13822115384615385 0.13341346153846154
0 0.1814903846153846 0.3245192307692308 0.15504807692307693 0.1346153846153846
0 0.30528846153846156 0.29927884615384615 0.140625 0.11658653846153846
0 0.29086538461538464 0.17668269230769232 0.10697115384615384 0.09615384615384616
0 0.359375 0.08533653846153846 0.15985576923076922 0.16826923076923078
0 0.18509615384615385 0.453125 0.14423076923076922 0.17067307692307693
0 0.27524038461538464 0.4170673076923077 0.11899038461538461 0.14423076923076922
0 0.13822115384615385 0.5865384615384616 0.1622596153846154 0.1814903846153846
0 0.25 0.7223557692307693 0.1346153846153846 0.17067307692307693
0 0.3076923076923077 0.578125 0.18629807692307693 0.19471153846153846
0 0.4074519230769231 0.6995192307692307 0.18269230769230768 0.17427884615384615
0 0.13341346153846154 0.7451923076923077 0.1045673076923077 0.14783653846153846
0 0.12379807692307693 0.8713942307692307 0.1201923076923077 0.15264423076923078
0 0.38100961538461536 0.8533653846153846 0.17427884615384615 0.17548076923076922
0 0.5588942307692307 0.8004807692307693 0.140625 0.16947115384615385
0 0.5769230769230769 0.6658653846153846 0.12139423076923077 0.14182692307692307
0 0.375 0.40024038461538464 0.12379807692307693 0.13701923076923078
0 0.41466346153846156 0.5372596153846154 0.11538461538461539 0.13942307692307693
0 0.5336538461538461 0.5372596153846154 0.11658653846153846 0.11658653846153846
0 0.5072115384615384 0.390625 0.13942307692307693 0.1971153846153846
0 0.4362980769230769 0.24879807692307693 0.125 0.11298076923076923
0 0.5072115384615384 0.14182692307692307 0.14302884615384615 0.12980769230769232
0 0.5516826923076923 0.26322115384615385 0.14302884615384615 0.14182692307692307
0 0.6334134615384616 0.3918269230769231 0.13581730769230768 0.17427884615384615
0 0.6310096153846154 0.5300480769230769 0.11298076923076923 0.1310096153846154
0 0.6814903846153846 0.7572115384615384 0.10216346153846154 0.12379807692307693
0 0.828125 0.734375 0.14182692307692307 0.15865384615384615
0 0.7067307692307693 0.6322115384615384 0.1346153846153846 0.13822115384615385
0 0.7451923076923077 0.5096153846153846 0.13822115384615385 0.16346153846153846
0 0.7896634615384616 0.375 0.14423076923076922 0.13942307692307693
0 0.7668269230769231 0.26802884615384615 0.12139423076923077 0.12139423076923077
0 0.9086538461538461 0.37740384615384615 0.12620192307692307 0.1346153846153846
0 0.8882211538461539 0.49399038461538464 0.11899038461538461 0.11899038461538461
0 0.8485576923076923 0.6057692307692307 0.10817307692307693 0.11658653846153846
0 0.8677884615384616 0.8521634615384616 0.15144230769230768 0.1310096153846154
0 0.703125 0.8617788461538461 0.09134615384615384 0.109375