0 0.21514423076923078 0.13942307692307693 0.12259615384615384 0.1310096153846154
0 0.5649038461538461 0.2848557692307692 0.18990384615384615 0.1971153846153846
0 0.3701923076923077 0.13942307692307693 0.18509615384615385 0.18629807692307693
0 0.26802884615384615 0.25240384615384615 0.15865384615384615 0.12620192307692307
0 0.2920673076923077 0.36658653846153844 0.15384615384615385 0.16826923076923078
0 0.42788461538461536 0.3389423076923077 0.1201923076923077 0.14423076923076922
0 0.4110576923076923 0.4543269230769231 0.1466346153846154 0.14423076923076922
0 0.5769230769230769 0.44711538461538464 0.1045673076923077 0.1045673076923077
0 0.14423076923076922 0.375 0.13942307692307693 0.140625
0 0.1346153846153846 0.4891826923076923 0.10817307692307693 0.1201923076923077
0 0.2920673076923077 0.4735576923076923 0.15384615384615385 0.12620192307692307
0 0.09254807692307693 0.6021634615384616 0.11177884615384616 0.11538461538461539
0 0.23076923076923078 0.5769230769230769 0.1466346153846154 0.1466346153846154
0 0.0733173076923077 0.7295673076923077 0.13942307692307693 0.15865384615384615
0 0.23798076923076922 0.6935096153846154 0.1502403846153846 0.15144230769230768
0 0.3942307692307692 0.5721153846153846 0.11899038461538461 0.11658653846153846
0 0.39663461538461536 0.6850961538461539 0.1201923076923077 0.13942307692307693
0 0.5480769230769231 0.5612980769230769 0.1310096153846154 0.1466346153846154
0 0.53125 0.6754807692307693 0.1045673076923077 0.1045673076923077
0 0.47475961538461536 0.21033653846153846 0.12740384615384615 0.1466346153846154
0 0.7668269230769231 0.21995192307692307 0.16826923076923078 0.17307692307692307
0 0.6598557692307693 0.09495192307692307 0.18028846153846154 0.16826923076923078
0 0.8233173076923077 0.07692307692307693 0.13341346153846154 0.1502403846153846
0 0.9038461538461539 0.18990384615384615 0.18629807692307693 0.16826923076923078
0 0.8521634615384616 0.3293269230769231 0.14783653846153846 0.14302884615384615
0 0.7319711538461539 0.42788461538461536 0.1622596153846154 0.15745192307692307
0 0.7007211538461539 0.5408653846153846 0.12620192307692307 0.11658653846153846
0 0.8557692307692307 0.43509615384615385 0.13701923076923078 0.13341346153846154
0 0.8353365384615384 0.53125 0.10576923076923077 0.109375
0 0.8137019230769231 0.6694711538461539 0.18509615384615385 0.19951923076923078
0 0.65625 0.6706730769230769 0.1346153846153846 0.1310096153846154
0 0.27163461538461536 0.8353365384615384 0.10096153846153846 0.11658653846153846
0 0.11177884615384616 0.8545673076923077 0.14423076923076922 0.12740384615384615
0 0.4050480769230769 0.8197115384615384 0.1346153846153846 0.12980769230769232
0 0.5456730769230769 0.7944711538461539 0.13701923076923078 0.15384615384615385
0 0.7091346153846154 0.8040865384615384 0.1346153846153846 0.14302884615384615
0 0.9014423076923077 0.9074519230769231 0.1658653846153846 0.18509615384615385
0 0.6502403846153846 0.9290865384615384 0.1502403846153846 0.14182692307692307
0 0.7776442307692307 0.9230769230769231 0.15144230769230768 0.15384615384615385