0 0.07692307692307693 0.1875 0.1466346153846154 0.15625
0 0.16105769230769232 0.3137019230769231 0.1466346153846154 0.1502403846153846
0 0.22355769230769232 0.17427884615384615 0.12860576923076922 0.13822115384615385
0 0.3629807692307692 0.1814903846153846 0.1502403846153846 0.15264423076923078
0 0.5108173076923077 0.18389423076923078 0.14423076923076922 0.18028846153846154
0 0.5745192307692307 0.2932692307692308 0.11899038461538461 0.1502403846153846
0 0.6418269230769231 0.421875 0.16466346153846154 0.16706730769230768
0 0.8052884615384616 0.453125 0.1778846153846154 0.16826923076923078
0 0.8557692307692307 0.35336538461538464 0.10096153846153846 0.10096153846153846
0 0.5396634615384616 0.6165865384615384 0.13822115384615385 0.15865384615384615
0 0.6766826923076923 0.6334134615384616 0.140625 0.14423076923076922
0 0.5444711538461539 0.7572115384615384 0.14423076923076922 0.17067307692307693
0 0.6742788461538461 0.7584134615384616 0.1466346153846154 0.15264423076923078
0 0.7463942307692307 0.8497596153846154 0.11658653846153846 0.16105769230769232
0 0.8966346153846154 0.6971153846153846 0.140625 0.16466346153846154
0 0.8894230769230769 0.8521634615384616 0.15504807692307693 0.1622596153846154
0 0.9230769230769231 0.234375 0.15384615384615385 0.16706730769230768