0 0.18515625 0.13984375 0.17734375 0.1765625
0 0.2578125 0.22890625 0.159375 0.1671875
0 0.32734375 0.3546875 0.18203125 0.15390625
0 0.371875 0.48984375 0.16640625 0.14921875
0 0.3796875 0.6328125 0.1359375 0.13515625
0 0.13671875 0.31015625 0.16640625 0.1625
0 0.203125 0.41875 0.1921875 0.17421875
0 0.103125 0.5140625 0.15078125 0.15234375
0 0.265625 0.5359375 0.1703125 0.15078125
0 0.15390625 0.65546875 0.13984375 0.12890625
0 0.2765625 0.66484375 0.14375 0.14921875
0 0.11171875 0.7859375 0.128125 0.146875
0 0.17421875 0.90703125 0.17109375 0.18515625
0 0.23046875 0.78359375 0.16328125 0.1515625
0 0.35390625 0.7546875 0.13515625 0.14609375
0 0.29609375 0.88203125 0.153125 0.13046875
0 0.46640625 0.84296875 0.17265625 0.14609375
0 0.5046875 0.7390625 0.2 0.1484375
0 0.55546875 0.60390625 0.203125 0.16875
0 0.5375 0.14140625 0.196875 0.1453125
0 0.540625 0.259375 0.1515625 0.12890625
0 0.54375 0.3765625 0.1640625 0.13828125
0 0.65078125 0.43359375 0.1828125 0.14765625
0 0.6625 0.53125 0.175 0.15625
0 0.659375 0.68515625 0.16953125 0.17734375
0 0.7734375 0.609375 0.10390625 0.12734375
0 0.696875 0.31796875 0.18359375 0.15625
0 0.7453125 0.2140625 0.19453125 0.14765625
0 0.82890625 0.121875 0.16171875 0.165625
0 0.8734375 0.4 0.1890625 0.15390625
0 0.81640625 0.4828125 0.16953125 0.1421875
0 0.9109375 0.68828125 0.17265625 0.171875
0 0.709375 0.84609375 0.1609375 0.18828125
0 0.80546875 0.86640625 0.12265625 0.1625