0 0.809375 0.0828125 0.1359375 0.14453125
0 0.8578125 0.18984375 0.121875 0.1359375
0 0.74765625 0.11796875 0.153125 0.15625
0 0.75234375 0.23984375 0.14453125 0.1390625
0 0.64453125 0.17421875 0.14609375 0.153125
0 0.5296875 0.13515625 0.1421875 0.15625
0 0.4203125 0.07734375 0.12734375 0.1546875
0 0.29140625 0.11640625 0.1421875 0.1546875
0 0.39609375 0.1875 0.153125 0.1578125
0 0.515625 0.25859375 0.159375 0.13203125
0 0.64296875 0.30546875 0.16328125 0.1578125
0 0.7640625 0.3703125 0.11328125 0.16328125
0 0.884375 0.2875 0.16171875 0.159375
0 0.15390625 0.14140625 0.14609375 0.16328125
0 0.2546875 0.2390625 0.1390625 0.140625
0 0.153125 0.35234375 0.14453125 0.171875
0 0.3359375 0.30546875 0.1359375 0.16484375
0 0.2359375 0.4109375 0.1390625 0.1765625
0 0.3375 0.4359375 0.121875 0.1578125
0 0.46640625 0.3734375 0.1359375 0.121875
0 0.6046875 0.4203125 0.1578125 0.14765625
0 0.71796875 0.4484375 0.14765625 0.12734375
0 0.84921875 0.48828125 0.1359375 0.1421875
0 0.8921875 0.384375 0.1359375 0.103125
0 0.090625 0.4875 0.15078125 0.171875
0 0.203125 0.5390625 0.15625 0.175
0 0.3125 0.60390625 0.1890625 0.2078125
0 0.43359375 0.6515625 0.16328125 0.19765625
0 0.4390625 0.48984375 0.153125 0.153125
0 0.565625 0.54609375 0.16328125 0.16484375
0 0.69375 0.56484375 0.13359375 0.16484375
0 0.81875 0.578125 0.1546875 0.1421875
0 0.92890625 0.58515625 0.14140625 0.175
0 0.553125 0.70390625 0.1546875 0.18515625
0 0.696875 0.7265625 0.1578125 0.17890625
0 0.82265625 0.7375 0.1546875 0.19375
0 0.93828125 0.75234375 0.1234375 0.1703125
0 0.4640625 0.83203125 0.1703125 0.1703125
0 0.6078125 0.8703125 0.15078125 0.18515625
0 0.7140625 0.85 0.11328125 0.14765625
0 0.8546875 0.88515625 0.16171875 0.19375
0 0.2328125 0.72265625 0.15625 0.1546875
0 0.12890625 0.66640625 0.18515625 0.16796875