0 0.44453125 0.11171875 0.16796875 0.16484375
0 0.5328125 0.1640625 0.1765625 0.1421875
0 0.63046875 0.24140625 0.1578125 0.1734375
0 0.84453125 0.340625 0.16796875 0.18046875
0 0.72109375 0.346875 0.14765625 0.16171875
0 0.815625 0.47578125 0.175 0.16171875
0 0.9390625 0.43046875 0.121875 0.1578125
0 0.25703125 0.1203125 0.15625 0.16796875
0 0.35390625 0.18984375 0.14453125 0.15625
0 0.4984375 0.275 0.14921875 0.16796875
0 0.59609375 0.4015625 0.140625 0.14765625
0 0.6859375 0.48671875 0.121875 0.12890625
0 0.24140625 0.27265625 0.14921875 0.18203125
0 0.384375 0.34609375 0.16171875 0.1765625
0 0.47578125 0.45703125 0.13046875 0.1546875
0 0.5671875 0.53125 0.16640625 0.14921875
0 0.6859375 0.61953125 0.1703125 0.1921875
0 0.82734375 0.621875 0.175 0.1921875
0 0.10703125 0.175 0.12890625 0.1546875
0 0.1234375 0.29296875 0.175 0.153125
0 0.2703125 0.396875 0.13203125 0.1375
0 0.36171875 0.478125 0.16328125 0.16328125
0 0.44296875 0.58046875 0.14453125 0.14765625
0 0.5640625 0.64140625 0.15625 0.15625
0 0.58046875 0.75234375 0.1921875 0.16484375
0 0.13984375 0.4109375 0.1421875 0.1359375
0 0.2265625 0.4875 0.16171875 0.15078125
0 0.30625 0.5765625 0.14609375 0.16484375
0 0.4359375 0.67421875 0.14453125 0.159375
0 0.31171875 0.71953125 0.153125 0.16171875
0 0.36171875 0.79375 0.14921875 0.16328125
0 0.475 0.81875 0.153125 0.209375
0 0.5515625 0.896875 0.18203125 0.1765625
0 0.71484375 0.72734375 0.12890625 0.14921875
0 0.8171875 0.74921875 0.14453125 0.14921875
0 0.9109375 0.7796875 0.17734375 0.17890625
0 0.17890625 0.590625 0.16484375 0.16796875
0 0.09375 0.47734375 0.13203125 0.1546875
0 0.18984375 0.75546875 0.14921875 0.171875
0 0.221875 0.90703125 0.16796875 0.16953125
0 0.353125 0.8890625 0.1390625 0.19921875