0 0.196875 0.11328125 0.20078125 0.14765625
0 0.4015625 0.16171875 0.17890625 0.1234375
0 0.51015625 0.1328125 0.12734375 0.1703125
0 0.615625 0.109375 0.1421875 0.16328125
0 0.74296875 0.18046875 0.1703125 0.171875
0 0.87421875 0.08828125 0.15078125 0.1421875
0 0.8578125 0.1765625 0.125 0.13046875
0 0.090625 0.3359375 0.16484375 0.1734375
0 0.1703125 0.42734375 0.1375 0.15078125
0 0.265625 0.37578125 0.153125 0.16796875
0 0.30234375 0.51328125 0.1546875 0.15078125
0 0.396875 0.4515625 0.14765625 0.140625
0 0.47734375 0.38984375 0.15078125 0.12734375
0 0.621875 0.409375 0.18515625 0.18359375
0 0.54609375 0.509375 0.1890625 0.18046875
0 0.721875 0.496875 0.14921875 0.14609375
0 0.79609375 0.4125 0.14921875 0.1578125
0 0.8953125 0.43359375 0.121875 0.14921875
0 0.8359375 0.56640625 0.140625 0.16484375
0 0.74609375 0.63515625 0.1765625 0.1546875
0 0.8359375 0.73828125 0.16171875 0.19609375
0 0.89609375 0.86875 0.171875 0.140625
0 0.721875 0.78984375 0.14609375 0.14765625
0 0.62578125 0.74921875 0.14921875 0.19765625
0 0.52578125 0.6546875 0.12734375 0.13203125
0 0.4203125 0.5875 0.1375 0.171875
0 0.640625 0.8953125 0.1546875 0.14609375
0 0.18203125 0.5484375 0.1578125 0.16640625
0 0.18203125 0.665625 0.14765625 0.1390625
0 0.15625 0.78828125 0.171875 0.16796875
0 0.3171875 0.628125 0.153125 0.15078125
0 0.4078125 0.725 0.1578125 0.1578125
0 0.30625 0.74765625 0.16328125 0.153125
0 0.3921875 0.85625 0.1875 0.1703125
0 0.4875 0.78984375 0.14453125 0.15078125
0 0.49609375 0.92734375 0.14765625 0.14453125
0 0.271875 0.84765625 0.15625 0.2078125
0 0.3296875 0.09140625 0.14921875 0.1828125
0 0.91953125 0.6296875 0.12890625 0.16328125