1 0.2015625 0.26484375 0.1734375 0.2109375
0 0.259375 0.33671875 0.13515625 0.1359375
1 0.2234375 0.54765625 0.1484375 0.16171875
0 0.33203125 0.534375 0.1125 0.13984375
0 0.1265625 0.6421875 0.08828125 0.090625
0 0.14296875 0.7296875 0.11484375 0.103125
0 0.11484375 0.83046875 0.128125 0.1359375
0 0.240625 0.840625 0.1453125 0.16171875
0 0.35859375 0.903125 0.1375 0.16171875
0 0.353125 0.78046875 0.12109375 0.1015625
0 0.38671875 0.7078125 0.18046875 0.13359375
0 0.52265625 0.73359375 0.1453125 0.13515625
0 0.64296875 0.75390625 0.1296875 0.13046875
0 0.734375 0.76875 0.1125 0.1203125
1 0.7265625 0.6421875 0.11328125 0.15703125
0 0.8453125 0.12734375 0.1515625 0.1671875
0 0.88984375 0.265625 0.12265625 0.14453125
0 0.7109375 0.0875 0.11953125 0.11953125
0 0.7875 0.24921875 0.128125 0.13984375
0 0.6015625 0.1140625 0.14296875 0.1703125
0 0.65703125 0.22890625 0.12734375 0.12265625
1 0.75703125 0.38046875 0.134375 0.1484375
0 0.84609375 0.4859375 0.14453125 0.15703125
0 0.865625 0.603125 0.1375 0.12734375
0 0.6171875 0.35234375 0.146875 0.1359375
0 0.690625 0.52109375 0.171875 0.15
0 0.46015625 0.35 0.1546875 0.1515625
0 0.54609375 0.4625 0.16171875 0.16640625
0 0.43671875 0.49140625 0.128125 0.1375
0 0.515625 0.5796875 0.1703125 0.13125
0 0.61484375 0.6234375 0.1359375 0.1515625