0 0.0875 0.11328125 0.175 0.1921875
0 0.2234375 0.13359375 0.1640625 0.1890625
0 0.121875 0.2734375 0.13203125 0.1625
0 0.21640625 0.2734375 0.121875 0.13203125
0 0.3609375 0.15625 0.15 0.15703125
0 0.34140625 0.26953125 0.1484375 0.146875
0 0.484375 0.265625 0.171875 0.20078125
0 0.565625 0.14140625 0.171875 0.15
0 0.47421875 0.06484375 0.1453125 0.1296875
0 0.74921875 0.19765625 0.1640625 0.15546875
0 0.8984375 0.24296875 0.1484375 0.165625
0 0.64609375 0.2703125 0.1703125 0.17890625
0 0.78515625 0.2890625 0.1625 0.15234375
0 0.1859375 0.4296875 0.171875 0.18046875
0 0.5921875 0.37578125 0.1640625 0.14375
0 0.73984375 0.39921875 0.15859375 0.13359375
0 0.88359375 0.37421875 0.15234375 0.14375
0 0.5265625 0.47734375 0.125 0.1703125
0 0.70546875 0.521875 0.13984375 0.1625
1 0.8390625 0.503125 0.1453125 0.171875
1 0.41328125 0.53359375 0.17734375 0.19921875
0 0.27265625 0.51875 0.15 0.17578125
0 0.09765625 0.596875 0.13828125 0.13984375
0 0.08359375 0.47421875 0.16015625 0.15859375
0 0.17734375 0.6453125 0.1484375 0.15859375
1 0.3078125 0.64140625 0.15 0.1640625
1 0.44921875 0.67109375 0.171875 0.17421875
0 0.634375 0.69140625 0.18046875 0.1640625
0 0.79375 0.715625 0.1484375 0.17421875
0 0.90859375 0.76796875 0.13828125 0.15
0 0.3421875 0.7484375 0.11953125 0.128125
1 0.2171875 0.80078125 0.21484375 0.17890625
0 0.68125 0.79296875 0.103125 0.10625
0 0.578125 0.9 0.1703125 0.19921875
0 0.71953125 0.9046875 0.13203125 0.15390625
0 0.79765625 0.8171875 0.11328125 0.11484375
0 0.86171875 0.91796875 0.15234375 0.1640625