0 0.2625 0.09765625 0.171875 0.175
0 0.39921875 0.08671875 0.16640625 0.1734375
0 0.6265625 0.1203125 0.171875 0.15078125
0 0.90625 0.096875 0.171875 0.14609375
0 0.503125 0.15703125 0.17890625 0.14921875
0 0.36640625 0.2171875 0.18046875 0.18359375
0 0.45234375 0.309375 0.159375 0.16796875
0 0.5953125 0.271875 0.14609375 0.1359375
0 0.79375 0.25078125 0.159375 0.1203125
0 0.92890625 0.1921875 0.13359375 0.1234375
0 0.925 0.28515625 0.15 0.1375
0 0.78828125 0.33828125 0.13046875 0.1375
0 0.14140625 0.246875 0.1421875 0.1546875
0 0.2109375 0.321875 0.11640625 0.13203125
0 0.91953125 0.4 0.1390625 0.12734375
0 0.1109375 0.378125 0.153125 0.1375
0 0.27578125 0.44296875 0.1046875 0.1234375
0 0.19921875 0.4640625 0.10625 0.11875
0 0.37578125 0.47578125 0.14765625 0.1578125
0 0.46875 0.5 0.140625 0.14453125
0 0.68359375 0.41015625 0.140625 0.1375
0 0.5953125 0.48984375 0.12890625 0.16640625
0 0.70546875 0.49765625 0.1203125 0.13359375
0 0.84765625 0.48046875 0.16328125 0.140625
0 0.91875 0.57890625 0.1546875 0.15078125
0 0.4328125 0.62578125 0.14765625 0.125
0 0.6078125 0.57578125 0.14453125 0.121875
0 0.59296875 0.67734375 0.14921875 0.153125
0 0.71328125 0.6546875 0.11875 0.12890625
0 0.83203125 0.6953125 0.1359375 0.15078125
0 0.353125 0.7609375 0.1390625 0.1203125
0 0.4734375 0.7265625 0.14921875 0.140625
0 0.9171875 0.77890625 0.165625 0.14921875
0 0.82265625 0.86640625 0.17890625 0.14609375
0 0.71875 0.77421875 0.1390625 0.1375
0 0.60234375 0.790625 0.140625 0.14609375
0 0.49140625 0.84921875 0.140625 0.14921875
0 0.3609375 0.9015625 0.1375 0.18203125
0 0.1859375 0.66953125 0.12890625 0.14453125
0 0.13359375 0.77265625 0.1234375 0.1375
0 0.2421875 0.79375 0.11015625 0.11171875
0 0.24296875 0.9140625 0.14921875 0.14921875
0 0.09375 0.91875 0.16328125 0.16171875