0 0.84375 0.18828125 0.159375 0.16328125
0 0.1140625 0.07265625 0.134375 0.1453125
0 0.2390625 0.08125 0.1359375 0.14921875
0 0.35078125 0.14765625 0.13203125 0.1546875
0 0.465625 0.21640625 0.13359375 0.1578125
0 0.5609375 0.27109375 0.13203125 0.175
0 0.68359375 0.30390625 0.140625 0.1546875
0 0.81328125 0.3171875 0.14921875 0.16640625
0 0.92421875 0.36328125 0.1515625 0.16640625
0 0.103125 0.2015625 0.12734375 0.15625
0 0.221875 0.22734375 0.14765625 0.1875
0 0.31796875 0.30546875 0.11640625 0.16171875
0 0.41875 0.3671875 0.1578125 0.171875
0 0.53046875 0.409375 0.140625 0.1703125
0 0.640625 0.425 0.140625 0.159375
0 0.76484375 0.46015625 0.16640625 0.15078125
0 0.87890625 0.50546875 0.140625 0.16328125
0 0.5828125 0.5359375 0.1734375 0.1546875
0 0.721875 0.5625 0.14921875 0.1390625
0 0.80625 0.6453125 0.1734375 0.14453125
0 0.91953125 0.728125 0.14921875 0.17890625
0 0.1265625 0.3484375 0.1390625 0.16171875
0 0.23671875 0.4171875 0.11640625 0.16171875
0 0.34140625 0.4765625 0.14453125 0.14609375
0 0.3921875 0.5640625 0.18046875 0.12890625
0 0.50234375 0.628125 0.12890625 0.11015625
0 0.61328125 0.65703125 0.1375 0.16640625
0 0.73125 0.74140625 0.16484375 0.13046875
0 0.84921875 0.8109375 0.1390625 0.125
0 0.91875 0.89609375 0.12734375 0.11328125
0 0.08125 0.54375 0.14921875 0.153125
0 0.19765625 0.6015625 0.171875 0.1734375
0 0.30625 0.65 0.121875 0.153125
0 0.40546875 0.709375 0.14765625 0.16171875
0 0.5328125 0.77421875 0.18359375 0.1921875
0 0.66328125 0.834375 0.1703125 0.16484375
0 0.77578125 0.87578125 0.12734375 0.12734375
0 0.49609375 0.94609375 0.1234375 0.10703125
0 0.1671875 0.715625 0.1421875 0.13046875
0 0.29609375 0.77109375 0.1734375 0.14453125
0 0.371875 0.859375 0.14609375 0.153125
0 0.27734375 0.87421875 0.121875 0.12734375
0 0.1484375 0.8265625 0.159375 0.16640625
0 0.1890625 0.93046875 0.146875 0.1390625
0 0.58828125 0.13515625 0.090625 0.0875
1 0.471875 0.48046875 0.0734375 0.08125