0 0.08046875 0.18359375 0.1578125 0.16796875
0 0.2203125 0.21640625 0.16328125 0.18515625
0 0.4578125 0.165625 0.18359375 0.18046875
0 0.5828125 0.14453125 0.15625 0.1921875
0 0.72578125 0.140625 0.14921875 0.1546875
0 0.86953125 0.15625 0.1390625 0.16171875
0 0.3359375 0.2859375 0.15078125 0.14921875
0 0.45 0.31171875 0.140625 0.153125
0 0.5640625 0.3046875 0.11484375 0.125
0 0.68359375 0.29296875 0.12734375 0.14921875
0 0.796875 0.30703125 0.13046875 0.11640625
0 0.93125 0.30625 0.1359375 0.1390625
0 0.1703125 0.36796875 0.14765625 0.15625
0 0.2859375 0.42890625 0.12890625 0.140625
0 0.4125 0.45390625 0.14765625 0.15625
0 0.53125 0.44296875 0.12890625 0.14453125
0 0.64375 0.43046875 0.11640625 0.1421875
0 0.78046875 0.43515625 0.16640625 0.14921875
0 0.921875 0.43671875 0.13359375 0.14921875
0 0.0953125 0.5125 0.153125 0.153125
0 0.20234375 0.56484375 0.15078125 0.16484375
0 0.3484375 0.59375 0.18515625 0.16796875
0 0.46171875 0.60546875 0.1546875 0.16640625
0 0.5828125 0.590625 0.13203125 0.171875
0 0.7171875 0.5890625 0.14609375 0.16171875
0 0.83125 0.5484375 0.13359375 0.153125
0 0.1421875 0.71484375 0.13359375 0.19375
0 0.26640625 0.74765625 0.14453125 0.18359375
0 0.38828125 0.74609375 0.14765625 0.1734375
0 0.51171875 0.728125 0.1578125 0.1546875
0 0.64296875 0.71484375 0.1390625 0.13203125
0 0.76640625 0.71796875 0.1421875 0.14453125
0 0.90234375 0.68203125 0.15625 0.12734375
0 0.4203125 0.87421875 0.1578125 0.14765625
0 0.5453125 0.8359375 0.121875 0.1203125
0 0.66875 0.81953125 0.1390625 0.16328125
0 0.79375 0.81796875 0.14921875 0.11875
0 0.9109375 0.78359375 0.13203125 0.125
0 0.928125 0.90234375 0.14296875 0.153125
0 0.55625 0.934375 0.1375 0.10625
0 0.1515625 0.890625 0.1390625 0.11875
0 0.06640625 0.809375 0.09453125 0.1046875
0 0.69375 0.94375 0.1234375 0.1125