0 0.10703125 0.15546875 0.159375 0.153125
0 0.24140625 0.14765625 0.1390625 0.13359375
0 0.371875 0.1421875 0.1421875 0.171875
0 0.49296875 0.07578125 0.1375 0.14453125
0 0.81640625 0.10390625 0.1875 0.1421875
0 0.1671875 0.3078125 0.1390625 0.14609375
1 0.278125 0.31640625 0.13359375 0.125
1 0.4 0.30078125 0.14765625 0.13359375
0 0.5109375 0.26796875 0.11484375 0.1234375
0 0.59296875 0.21875 0.1421875 0.159375
1 0.71875 0.20546875 0.121875 0.16328125
0 0.87890625 0.19765625 0.16484375 0.13046875
0 0.81796875 0.303125 0.14921875 0.13203125
0 0.15390625 0.43984375 0.1359375 0.140625
0 0.271875 0.44140625 0.1359375 0.14453125
1 0.4015625 0.42265625 0.15078125 0.16484375
0 0.52890625 0.3890625 0.13046875 0.153125
0 0.6484375 0.3484375 0.1359375 0.1234375
0 0.65859375 0.459375 0.13203125 0.14609375
0 0.77421875 0.4078125 0.1203125 0.125
0 0.74375 0.503125 0.1203125 0.1234375
0 0.85859375 0.53125 0.12734375 0.13203125
0 0.06953125 0.54375 0.11875 0.14765625
0 0.1875 0.553125 0.1375 0.13046875
0 0.5296875 0.53203125 0.14609375 0.1546875
0 0.31328125 0.55234375 0.12890625 0.1421875
0 0.42421875 0.5515625 0.09609375 0.1203125
0 0.13828125 0.68359375 0.153125 0.15078125
0 0.25234375 0.65859375 0.1203125 0.14609375
0 0.3828125 0.6625 0.16796875 0.1546875
0 0.5328125 0.67890625 0.153125 0.13203125
0 0.665625 0.653125 0.14609375 0.1359375
0 0.7828125 0.66328125 0.1375 0.1390625
0 0.9140625 0.6515625 0.1359375 0.1703125
0 0.15625 0.7828125 0.13046875 0.14453125
0 0.27734375 0.77890625 0.14609375 0.153125
0 0.39375 0.77265625 0.1359375 0.1375
0 0.50390625 0.82578125 0.1390625 0.15078125
0 0.63671875 0.7640625 0.140625 0.140625
0 0.83359375 0.78359375 0.18046875 0.153125
0 0.93828125 0.7921875 0.121875 0.1390625
0 0.175 0.89609375 0.15078125 0.15078125
0 0.28671875 0.89140625 0.1203125 0.15078125
0 0.40078125 0.91875 0.1359375 0.16171875
0 0.58828125 0.89375 0.12890625 0.16640625
0 0.7296875 0.84921875 0.13046875 0.15625
0 0.7921875 0.91484375 0.11484375 0.140625
0 0.903125 0.9171875 0.13359375 0.16171875