0 0.19921875 0.16796875 0.1546875 0.14453125
0 0.278125 0.1125 0.12734375 0.13203125
0 0.3734375 0.09609375 0.121875 0.1375
0 0.78828125 0.11796875 0.14453125 0.1390625
0 0.9109375 0.12421875 0.153125 0.125
0 0.140625 0.346875 0.13046875 0.16171875
0 0.26875 0.31328125 0.1390625 0.159375
0 0.40078125 0.26328125 0.12890625 0.121875
0 0.5015625 0.17734375 0.1203125 0.1078125
0 0.63046875 0.2375 0.15078125 0.16328125
0 0.74765625 0.2875 0.12890625 0.1359375
0 0.86875 0.2578125 0.13359375 0.140625
0 0.09765625 0.496875 0.14453125 0.1359375
0 0.22265625 0.43984375 0.12890625 0.13359375
0 0.38828125 0.3875 0.18515625 0.18359375
0 0.51796875 0.31484375 0.13203125 0.16640625
0 0.5328125 0.4203125 0.14921875 0.14453125
0 0.66484375 0.44765625 0.1375 0.1421875
0 0.7546875 0.41640625 0.11875 0.153125
0 0.85234375 0.390625 0.13203125 0.1421875
0 0.94453125 0.38046875 0.1109375 0.1421875
0 0.3125 0.49375 0.1578125 0.15625
0 0.45390625 0.52421875 0.1390625 0.16328125
0 0.56484375 0.53046875 0.13046875 0.14453125
0 0.6875 0.57109375 0.14921875 0.14921875
0 0.8 0.53203125 0.1421875 0.1375
0 0.928125 0.5109375 0.14296875 0.1390625
0 0.259375 0.5953125 0.16171875 0.16328125
0 0.3890625 0.6140625 0.1390625 0.12890625
0 0.51953125 0.63984375 0.1359375 0.1078125
0 0.615625 0.68828125 0.11875 0.1578125
0 0.740625 0.696875 0.1046875 0.1546875
0 0.83359375 0.66171875 0.1390625 0.190625
0 0.0859375 0.6953125 0.1578125 0.18203125
0 0.2296875 0.74765625 0.16328125 0.16640625
0 0.36953125 0.74921875 0.14765625 0.1703125
0 0.534375 0.76484375 0.16171875 0.159375
0 0.6703125 0.81328125 0.16328125 0.14609375
0 0.809375 0.8421875 0.1734375 0.1421875
0 0.89765625 0.775 0.15078125 0.14609375
0 0.13125 0.821875 0.14609375 0.11875
0 0.30234375 0.86796875 0.16796875 0.14609375
0 0.4609375 0.88359375 0.18046875 0.153125
0 0.61015625 0.921875 0.190625 0.1546875