0 0.64140625 0.74609375 0.12578125 0.15546875
0 0.07421875 0.1234375 0.14453125 0.15859375
0 0.2625 0.08671875 0.175 0.12890625
0 0.22734375 0.2078125 0.1875 0.1625
0 0.16484375 0.30390625 0.2 0.19453125
0 0.11484375 0.40234375 0.1890625 0.16640625
0 0.3875 0.125 0.15546875 0.13671875
0 0.35 0.22890625 0.1359375 0.15078125
0 0.3046875 0.353125 0.14296875 0.1671875
0 0.24453125 0.47421875 0.1453125 0.146875
0 0.19765625 0.57578125 0.175 0.11796875
0 0.16171875 0.68828125 0.2265625 0.153125
0 0.12890625 0.79921875 0.18984375 0.14140625
0 0.5421875 0.1578125 0.15078125 0.153125
0 0.525 0.2921875 0.15234375 0.146875
0 0.47421875 0.40390625 0.2 0.1671875
0 0.4296875 0.51328125 0.1546875 0.1359375
0 0.525 0.52890625 0.12890625 0.10859375
0 0.4078125 0.61953125 0.18359375 0.1453125
0 0.37421875 0.71875 0.1859375 0.175
0 0.35390625 0.8265625 0.1203125 0.121875
0 0.2953125 0.91640625 0.175 0.1640625
0 0.49453125 0.8296875 0.18984375 0.1546875
0 0.54296875 0.7265625 0.1234375 0.12109375
0 0.56640625 0.62734375 0.16875 0.13515625
0 0.640625 0.51875 0.1765625 0.1796875
0 0.60234375 0.4 0.14765625 0.153125
0 0.68515625 0.29375 0.15078125 0.159375
0 0.72890625 0.41171875 0.16328125 0.1703125
0 0.63046875 0.1390625 0.11796875 0.146875
0 0.72578125 0.16484375 0.12734375 0.17265625
0 0.8125 0.16640625 0.12734375 0.12421875
0 0.8015625 0.29609375 0.13984375 0.1453125
0 0.88828125 0.1234375 0.134375 0.17890625
0 0.8734375 0.40078125 0.1328125 0.1328125
0 0.91484375 0.503125 0.15390625 0.159375
0 0.78046875 0.5109375 0.15 0.11953125
0 0.69296875 0.63203125 0.16484375 0.12734375
0 0.8265625 0.6203125 0.1625 0.1625
0 0.7578125 0.759375 0.15234375 0.1734375
0 0.70078125 0.859375 0.15703125 0.1421875
0 0.821875 0.865625 0.16328125 0.171875
0 0.5875 0.8765625 0.13671875 0.1453125
0 0.8875 0.74921875 0.15546875 0.18125
0 0.93203125 0.8828125 0.1359375 0.14296875
0 0.4609375 0.93046875 0.1625 0.13828125