0 0.15546875 0.12421875 0.14453125 0.1265625
0 0.4171875 0.10546875 0.175 0.16015625
0 0.54765625 0.17265625 0.1328125 0.10703125
0 0.5421875 0.07734375 0.1359375 0.1171875
0 0.66640625 0.07734375 0.1265625 0.1546875
0 0.69296875 0.18125 0.1203125 0.10546875
0 0.82734375 0.171875 0.1265625 0.15859375
0 0.93125 0.1390625 0.1375 0.16015625
0 0.11328125 0.25078125 0.10703125 0.1203125
0 0.23828125 0.275 0.1203125 0.1203125
0 0.371875 0.265625 0.11875 0.121875
0 0.48359375 0.29765625 0.1125 0.1125
0 0.7125 0.340625 0.1234375 0.1265625
0 0.79921875 0.37890625 0.14296875 0.175
0 0.91875 0.43203125 0.15859375 0.15234375
0 0.08515625 0.37265625 0.1375 0.14296875
0 0.1875 0.3765625 0.14140625 0.14453125
0 0.30703125 0.38125 0.1328125 0.1859375
0 0.40546875 0.4078125 0.134375 0.190625
0 0.53046875 0.44296875 0.13125 0.190625
0 0.6390625 0.47421875 0.115625 0.14765625
0 0.72890625 0.50625 0.13125 0.14453125
0 0.82109375 0.5453125 0.1390625 0.15859375
0 0.9046875 0.6234375 0.15859375 0.14453125
0 0.16875 0.5046875 0.1609375 0.13828125
0 0.3125 0.528125 0.17265625 0.1328125
0 0.41328125 0.54453125 0.10078125 0.125
0 0.52890625 0.596875 0.159375 0.15703125
0 0.67734375 0.63359375 0.14375 0.16640625
0 0.77109375 0.69921875 0.1578125 0.18515625
0 0.8375 0.7984375 0.1421875 0.14921875
0 0.86875 0.9265625 0.18203125 0.146875
0 0.6421875 0.80546875 0.1921875 0.1921875
0 0.53984375 0.73828125 0.13984375 0.165625
0 0.40703125 0.67421875 0.13359375 0.1609375
0 0.31484375 0.6421875 0.1453125 0.13125
0 0.190625 0.6359375 0.1421875 0.16640625
0 0.14140625 0.7875 0.1609375 0.16953125
0 0.29453125 0.7796875 0.17109375 0.1640625
0 0.4140625 0.7921875 0.14375 0.15078125
0 0.4671875 0.8734375 0.16796875 0.16796875