0 0.175 0.1375 0.16015625 0.16953125
0 0.3046875 0.13125 0.128125 0.16015625
0 0.4125 0.165625 0.14609375 0.190625
0 0.7171875 0.09296875 0.14609375 0.15703125
0 0.8046875 0.14296875 0.14140625 0.14765625
0 0.90390625 0.1484375 0.1375 0.175
0 0.9109375 0.33125 0.15546875 0.15234375
0 0.7953125 0.29765625 0.16796875 0.178125
0 0.6796875 0.24453125 0.134375 0.1359375
0 0.58515625 0.1359375 0.15703125 0.1796875
0 0.49453125 0.25859375 0.16796875 0.184375
0 0.6234375 0.334375 0.15390625 0.1390625
0 0.70078125 0.40546875 0.1359375 0.15078125
0 0.8078125 0.43671875 0.09609375 0.09453125
0 0.2578125 0.2953125 0.10859375 0.1109375
0 0.3890625 0.32421875 0.16328125 0.1390625
0 0.54765625 0.434375 0.1734375 0.1375
0 0.66875 0.53984375 0.16484375 0.134375
0 0.79765625 0.56171875 0.175 0.184375
0 0.896875 0.6140625 0.16796875 0.15078125
0 0.7765625 0.7046875 0.14296875 0.1171875
0 0.88828125 0.72734375 0.15234375 0.1796875
0 0.940625 0.84140625 0.11875 0.134375
0 0.4609375 0.57265625 0.1234375 0.1265625
0 0.5234375 0.67734375 0.16484375 0.1390625
0 0.6828125 0.82109375 0.1734375 0.15234375
0 0.74140625 0.91484375 0.15234375 0.16015625
0 0.1640625 0.43359375 0.178125 0.15859375
0 0.24140625 0.48359375 0.1265625 0.14453125
0 0.29609375 0.5484375 0.1375 0.16015625
0 0.35859375 0.63515625 0.16328125 0.14609375
0 0.37109375 0.74296875 0.17109375 0.15546875
0 0.46953125 0.78359375 0.14453125 0.128125
0 0.5625 0.78359375 0.121875 0.134375
0 0.60546875 0.91640625 0.134375 0.128125
0 0.5078125 0.9 0.15078125 0.1359375
0 0.3703125 0.865625 0.14453125 0.1375
0 0.134375 0.63359375 0.16015625 0.1328125
0 0.1953125 0.7203125 0.15390625 0.15546875
0 0.22734375 0.83828125 0.16328125 0.16953125
0 0.1140625 0.91640625 0.1734375 0.15390625