0 0.12734375 0.0796875 0.140625 0.14609375
0 0.81015625 0.0875 0.16484375 0.1578125
0 0.28984375 0.10234375 0.1890625 0.159375
0 0.4578125 0.1125 0.19375 0.18359375
0 0.6046875 0.15546875 0.17890625 0.16328125
0 0.7625 0.18984375 0.1578125 0.1421875
0 0.12265625 0.20703125 0.159375 0.18046875
0 0.24296875 0.20625 0.16640625 0.17890625
0 0.40078125 0.21953125 0.1765625 0.17890625
0 0.54609375 0.2890625 0.19921875 0.16640625
0 0.72734375 0.32265625 0.20078125 0.16796875
0 0.17734375 0.31953125 0.14921875 0.15078125
0 0.33671875 0.340625 0.18203125 0.153125
0 0.52578125 0.3921875 0.20234375 0.16328125
0 0.69765625 0.42890625 0.18046875 0.16796875
0 0.77421875 0.50078125 0.16796875 0.16640625
0 0.89375 0.5796875 0.1421875 0.1734375
0 0.76015625 0.60390625 0.15625 0.159375
0 0.83125 0.7359375 0.140625 0.18359375
0 0.846875 0.8609375 0.1546875 0.1421875
0 0.5453125 0.5171875 0.19765625 0.20625
0 0.62734375 0.6171875 0.1703125 0.20078125
0 0.70546875 0.7109375 0.16796875 0.171875
1 0.72109375 0.83828125 0.1890625 0.18515625
0 0.57421875 0.9109375 0.14609375 0.1421875
0 0.54140625 0.7984375 0.15625 0.15078125
0 0.4984375 0.665625 0.20078125 0.190625
0 0.41484375 0.58203125 0.14609375 0.175
0 0.3609375 0.475 0.171875 0.16328125
0 0.2546875 0.4484375 0.11875 0.12734375
0 0.1609375 0.434375 0.1765625 0.171875
0 0.1796875 0.5546875 0.18359375 0.16171875
0 0.32109375 0.57421875 0.14453125 0.1421875
0 0.3375 0.7234375 0.14609375 0.16640625
0 0.228125 0.665625 0.1578125 0.14921875
0 0.21875 0.78671875 0.16328125 0.16796875
0 0.35234375 0.83515625 0.16171875 0.14609375
0 0.090625 0.73046875 0.16171875 0.159375
1 0.1109375 0.85625 0.1390625 0.159375
1 0.24375 0.90625 0.1890625 0.1875