0 0.8765625 0.1546875 0.1734375 0.1578125
0 0.7171875 0.16796875 0.16640625 0.175
0 0.91484375 0.27109375 0.140625 0.1375
0 0.909375 0.39375 0.14921875 0.1703125
0 0.78125 0.2625 0.14765625 0.140625
0 0.78671875 0.37578125 0.14453125 0.140625
0 0.47109375 0.1125 0.1734375 0.16328125
0 0.57421875 0.19609375 0.153125 0.1578125
0 0.60546875 0.3109375 0.1734375 0.15078125
0 0.64453125 0.42890625 0.15625 0.16796875
0 0.76015625 0.4984375 0.1703125 0.1703125
0 0.3546875 0.18984375 0.190625 0.2078125
0 0.43203125 0.30078125 0.20078125 0.19921875
0 0.5296875 0.40859375 0.159375 0.1890625
0 0.61328125 0.57265625 0.16796875 0.1765625
0 0.790625 0.6203125 0.1875 0.18046875
0 0.8046875 0.76171875 0.1734375 0.153125
0 0.80859375 0.88515625 0.18515625 0.153125
0 0.6359375 0.70546875 0.1765625 0.19609375
0 0.6609375 0.83125 0.16484375 0.1578125
0 0.48828125 0.54609375 0.125 0.11015625
0 0.5 0.6953125 0.1921875 0.19609375
0 0.521875 0.83125 0.14765625 0.1546875
0 0.20078125 0.265625 0.1890625 0.21484375
0 0.2140625 0.43359375 0.19765625 0.1765625
0 0.3390625 0.5015625 0.2046875 0.18515625
0 0.3359375 0.64140625 0.228125 0.12890625
0 0.334375 0.74921875 0.2078125 0.1390625
0 0.30546875 0.871875 0.140625 0.16484375
0 0.13203125 0.58828125 0.1375 0.159375
0 0.17265625 0.7234375 0.16328125 0.153125
0 0.20234375 0.8453125 0.16484375 0.15625
0 0.0890625 0.8578125 0.14765625 0.1765625
0 0.0734375 0.7296875 0.1390625 0.16171875