0 0.11953125 0.15625 0.175 0.15234375
0 0.1578125 0.27109375 0.14921875 0.1375
0 0.1484375 0.396875 0.14921875 0.178125
0 0.178125 0.5265625 0.1984375 0.175
0 0.209375 0.63984375 0.1359375 0.1359375
0 0.20390625 0.75234375 0.1859375 0.15546875
0 0.2171875 0.8984375 0.15859375 0.1875
0 0.23046875 0.08125 0.16015625 0.15859375
0 0.246875 0.2046875 0.14453125 0.14609375
0 0.278125 0.29453125 0.16171875 0.1796875
0 0.334375 0.4171875 0.15859375 0.15859375
0 0.35 0.52734375 0.16484375 0.15703125
0 0.34140625 0.64921875 0.16015625 0.16015625
0 0.35859375 0.78125 0.1828125 0.15859375
0 0.3625 0.88984375 0.15703125 0.16484375
0 0.378125 0.090625 0.14765625 0.14609375
0 0.40078125 0.20390625 0.15390625 0.15703125
0 0.43515625 0.30078125 0.1296875 0.14296875
0 0.47265625 0.40546875 0.134375 0.15078125
0 0.4890625 0.49609375 0.134375 0.14921875
0 0.46328125 0.61796875 0.134375 0.16171875
0 0.4625 0.725 0.14921875 0.15546875
0 0.4625 0.83125 0.1390625 0.14296875
0 0.5984375 0.67734375 0.15234375 0.15234375
0 0.62890625 0.79921875 0.14609375 0.15234375
0 0.51015625 0.12734375 0.15546875 0.14921875
0 0.55546875 0.25 0.175 0.15390625
0 0.5890625 0.35 0.15234375 0.1390625
0 0.6375 0.48671875 0.16328125 0.18125
0 0.69453125 0.63046875 0.14921875 0.178125
0 0.75 0.746875 0.15078125 0.15703125
0 0.7921875 0.8578125 0.16171875 0.14296875
0 0.6171875 0.13046875 0.1375 0.15234375
0 0.678125 0.253125 0.15390625 0.16328125
0 0.7125 0.3625 0.1328125 0.15390625
0 0.7640625 0.4859375 0.15078125 0.16328125
0 0.81796875 0.5953125 0.16484375 0.16484375
0 0.86484375 0.70078125 0.14609375 0.15546875
0 0.91484375 0.78359375 0.15078125 0.14453125
0 0.9015625 0.8875 0.14296875 0.134375
0 0.740625 0.15078125 0.14453125 0.16015625
0 0.8 0.2671875 0.14140625 0.1390625
0 0.840625 0.3859375 0.1359375 0.15703125
0 0.8921875 0.51640625 0.14296875 0.15703125
0 0.9359375 0.6140625 0.121875 0.14765625
0 0.8515625 0.190625 0.10390625 0.13125
0 0.909375 0.29453125 0.1109375 0.11875
0 0.94609375 0.39765625 0.10078125 0.10546875