0 0.08671875 0.09609375 0.15390625 0.16328125
0 0.07578125 0.225 0.1515625 0.15625
0 0.07421875 0.3515625 0.1484375 0.184375
0 0.2046875 0.09140625 0.178125 0.15859375
0 0.19453125 0.22734375 0.178125 0.18046875
0 0.19375 0.36640625 0.15625 0.165625
0 0.16328125 0.48828125 0.14921875 0.16328125
0 0.12734375 0.60703125 0.178125 0.17578125
0 0.0796875 0.7203125 0.14921875 0.165625
0 0.32421875 0.1109375 0.15390625 0.15390625
0 0.3375 0.2296875 0.18984375 0.15625
0 0.3484375 0.33515625 0.1828125 0.15625
0 0.32109375 0.4390625 0.18515625 0.18046875
0 0.28359375 0.56484375 0.2015625 0.2015625
0 0.25859375 0.71171875 0.18515625 0.20703125
0 0.19375 0.84375 0.1515625 0.15390625
0 0.365625 0.7859375 0.16328125 0.1828125
0 0.35234375 0.89765625 0.1703125 0.12734375
0 0.50234375 0.07578125 0.2015625 0.1515625
0 0.5203125 0.1921875 0.20859375 0.17734375
0 0.53125 0.31796875 0.190625 0.1703125
0 0.4875 0.43828125 0.18671875 0.18125
0 0.51328125 0.55234375 0.17578125 0.1796875
0 0.63984375 0.5828125 0.1625 0.22890625
0 0.68671875 0.77734375 0.20859375 0.19453125
0 0.63515625 0.8703125 0.1828125 0.153125
0 0.7421875 0.92890625 0.15 0.1421875
0 0.69765625 0.19296875 0.15 0.16796875
0 0.69765625 0.309375 0.1796875 0.14609375
0 0.73515625 0.42890625 0.16484375 0.18828125
0 0.79296875 0.56328125 0.18515625 0.1796875
0 0.84296875 0.6953125 0.16640625 0.1625
0 0.82578125 0.81640625 0.16484375 0.171875
0 0.8109375 0.12421875 0.190625 0.1515625
0 0.8328125 0.2484375 0.1796875 0.1609375
0 0.86484375 0.378125 0.20546875 0.18671875
0 0.9171875 0.484375 0.1625 0.18125
0 0.91953125 0.61796875 0.16015625 0.1328125