0 0.2046875 0.1375 0.1890625 0.171875
0 0.09296875 0.3828125 0.171875 0.18515625
0 0.15859375 0.4859375 0.15625 0.17890625
0 0.1734375 0.621875 0.1546875 0.140625
0 0.08515625 0.69375 0.1703125 0.165625
0 0.21796875 0.7234375 0.14765625 0.1703125
0 0.26328125 0.8234375 0.1359375 0.153125
0 0.171875 0.8796875 0.20234375 0.1421875
0 0.2921875 0.534375 0.175 0.19921875
0 0.3375 0.66796875 0.1390625 0.18203125
0 0.50546875 0.86953125 0.21484375 0.2046875
0 0.23515625 0.253125 0.18203125 0.18046875
0 0.3015625 0.37265625 0.1734375 0.171875
0 0.41796875 0.45859375 0.190625 0.20234375
0 0.5265625 0.52734375 0.16328125 0.15078125
0 0.35703125 0.121875 0.16796875 0.16484375
0 0.3765625 0.2703125 0.15625 0.1765625
0 0.47734375 0.3546875 0.140625 0.15625
0 0.54609375 0.28046875 0.14453125 0.16640625
0 0.48359375 0.1828125 0.190625 0.19375
0 0.58984375 0.41796875 0.15625 0.1421875
0 0.65234375 0.31328125 0.11328125 0.11484375
0 0.790625 0.2109375 0.1703125 0.15078125
0 0.759375 0.33671875 0.1203125 0.18203125
0 0.725 0.43125 0.13359375 0.16796875
0 0.6484375 0.55703125 0.12890625 0.1734375
0 0.878125 0.359375 0.15625 0.18359375
0 0.78984375 0.0828125 0.16796875 0.15
0 0.90078125 0.11796875 0.1359375 0.14609375
0 0.9234375 0.240625 0.13359375 0.15078125
0 0.865625 0.51328125 0.13359375 0.171875
0 0.6984375 0.834375 0.18515625 0.18203125
0 0.8296875 0.6203125 0.18515625 0.221875
0 0.825 0.77265625 0.159375 0.18203125
0 0.79375 0.88515625 0.159375 0.159375
0 0.903125 0.85625 0.16484375 0.1734375