0 0.16328125 0.15625 0.171875 0.209375
0 0.15390625 0.30546875 0.16640625 0.18203125
0 0.18046875 0.425 0.171875 0.18046875
0 0.1828125 0.55 0.19375 0.16640625
0 0.14296875 0.84765625 0.14453125 0.16640625
0 0.26640625 0.8875 0.1546875 0.18203125
0 0.29765625 0.13671875 0.16640625 0.19375
0 0.28125 0.2703125 0.1578125 0.16640625
0 0.29140625 0.36640625 0.1421875 0.153125
0 0.2984375 0.50625 0.1546875 0.175
0 0.3109375 0.61953125 0.20234375 0.1890625
0 0.42734375 0.08828125 0.18203125 0.16640625
0 0.38828125 0.23984375 0.15078125 0.18359375
0 0.42734375 0.35390625 0.171875 0.16796875
0 0.415625 0.4859375 0.17890625 0.171875
0 0.44765625 0.59296875 0.14921875 0.190625
0 0.4671875 0.85390625 0.16796875 0.1703125
0 0.6796875 0.88671875 0.18515625 0.18046875
0 0.54375 0.4765625 0.16328125 0.1765625
0 0.571875 0.58984375 0.14453125 0.1734375
0 0.51328125 0.19375 0.175 0.18515625
0 0.55703125 0.3484375 0.1703125 0.171875
0 0.6234375 0.096875 0.16171875 0.1765625
0 0.621875 0.21796875 0.1375 0.1234375
0 0.72734375 0.17421875 0.159375 0.18046875
0 0.66796875 0.3234375 0.17890625 0.20078125
0 0.671875 0.46328125 0.175 0.171875
0 0.69140625 0.57421875 0.16328125 0.15625
0 0.78046875 0.67109375 0.1765625 0.209375
0 0.80625 0.82578125 0.15625 0.171875
0 0.78984375 0.940625 0.1328125 0.11875
0 0.9171875 0.83046875 0.14453125 0.175
0 0.9203125 0.709375 0.14765625 0.153125
0 0.79609375 0.49140625 0.1765625 0.1421875
0 0.7796875 0.35859375 0.1890625 0.16796875
0 0.8265625 0.2390625 0.15625 0.18515625
0 0.91171875 0.45 0.16484375 0.16171875
0 0.865625 0.5734375 0.20625 0.16484375