0 0.1984375 0.075 0.1421875 0.12890625
0 0.34609375 0.146875 0.1703125 0.12890625
0 0.5671875 0.215625 0.228125 0.19375
0 0.6328125 0.1125 0.16640625 0.13203125
0 0.74375 0.15 0.1546875 0.16640625
0 0.8609375 0.234375 0.190625 0.190625
0 0.696875 0.26953125 0.15078125 0.16484375
0 0.628125 0.3453125 0.16484375 0.13359375
0 0.77421875 0.3390625 0.1546875 0.1421875
0 0.7140625 0.4109375 0.140625 0.125
0 0.8171875 0.7921875 0.20625 0.2078125
0 0.06796875 0.2359375 0.1359375 0.18359375
0 0.19375 0.33046875 0.171875 0.190625
0 0.36328125 0.3828125 0.19375 0.18515625
0 0.15390625 0.45234375 0.16328125 0.16328125
0 0.3015625 0.49609375 0.1359375 0.14453125
0 0.43359375 0.53125 0.1390625 0.1734375
0 0.10546875 0.57109375 0.1703125 0.16328125
0 0.26640625 0.625 0.18515625 0.175
0 0.403125 0.70078125 0.12734375 0.16171875
0 0.3203125 0.77421875 0.16640625 0.16171875
0 0.1796875 0.71484375 0.1734375 0.15625
0 0.146875 0.83828125 0.12890625 0.175
0 0.2421875 0.86484375 0.14453125 0.16640625
0 0.37578125 0.89453125 0.1546875 0.175