0 0.128125 0.74921875 0.15234375 0.17578125
0 0.18046875 0.88359375 0.14609375 0.140625
0 0.1125 0.128125 0.16328125 0.1890625
0 0.196875 0.24765625 0.134375 0.16796875
0 0.10234375 0.3921875 0.15390625 0.146875
0 0.15390625 0.50859375 0.16328125 0.14140625
0 0.2234375 0.39921875 0.12734375 0.1265625
0 0.28984375 0.34296875 0.15078125 0.17890625
0 0.28046875 0.2046875 0.11796875 0.13125
0 0.3140625 0.0875 0.1578125 0.1515625
0 0.39296875 0.21796875 0.13203125 0.13671875
0 0.196875 0.62265625 0.16953125 0.1484375
0 0.278125 0.490625 0.15703125 0.11953125
0 0.246875 0.75703125 0.159375 0.1546875
0 0.3171875 0.8859375 0.16484375 0.1484375
0 0.3875 0.76171875 0.1671875 0.13515625
0 0.33359375 0.6359375 0.15390625 0.14609375
0 0.40625 0.57265625 0.159375 0.13125
0 0.36484375 0.45390625 0.15234375 0.1234375
0 0.42421875 0.328125 0.115625 0.10625
0 0.484375 0.18203125 0.1328125 0.13828125
0 0.52578125 0.3125 0.115625 0.12265625
0 0.49296875 0.4171875 0.1046875 0.10390625
0 0.5109375 0.53125 0.128125 0.1109375
0 0.4578125 0.65234375 0.1546875 0.1140625
0 0.57734375 0.6234375 0.1578125 0.1140625
0 0.49765625 0.81484375 0.13671875 0.1515625
0 0.46015625 0.92109375 0.1578125 0.15390625
0 0.62734375 0.74453125 0.16328125 0.12265625
0 0.63984375 0.86484375 0.14921875 0.1765625
1 0.75625 0.9171875 0.1265625 0.16015625
0 0.7421875 0.56015625 0.178125 0.140625
0 0.59921875 0.45859375 0.1375 0.1125
0 0.70703125 0.4296875 0.16796875 0.14375
0 0.59453125 0.33515625 0.10546875 0.12265625
0 0.71796875 0.31015625 0.146875 0.13671875
0 0.59140625 0.20625 0.134375 0.1078125
0 0.553125 0.11796875 0.13203125 0.09921875
0 0.67109375 0.06875 0.175 0.11640625
0 0.728125 0.1875 0.1765625 0.1640625
0 0.92734375 0.28671875 0.14140625 0.1515625