0 0.109375 0.23203125 0.1734375 0.18203125
0 0.16875 0.1296875 0.19375 0.14609375
0 0.18828125 0.84921875 0.16328125 0.1734375
0 0.9015625 0.09921875 0.1546875 0.16796875
0 0.7796875 0.1203125 0.140625 0.1546875
0 0.8828125 0.2234375 0.16796875 0.16171875
0 0.75234375 0.22265625 0.15078125 0.153125
0 0.64921875 0.1828125 0.16484375 0.153125
0 0.4984375 0.11328125 0.21484375 0.19609375
0 0.42265625 0.18125 0.18515625 0.11484375
0 0.85625 0.3640625 0.1734375 0.15078125
0 0.89921875 0.46640625 0.1875 0.153125
0 0.92265625 0.62421875 0.1515625 0.1703125
0 0.80625 0.59296875 0.14921875 0.159375
0 0.7140625 0.3640625 0.1578125 0.17890625
0 0.60859375 0.31953125 0.159375 0.17890625
0 0.71171875 0.50234375 0.18046875 0.2046875
0 0.58828125 0.43359375 0.2046875 0.18046875
0 0.4546875 0.3625 0.16796875 0.1578125
0 0.403125 0.2859375 0.11328125 0.121875
0 0.29453125 0.26171875 0.18046875 0.1421875
0 0.33671875 0.37890625 0.16796875 0.16328125
0 0.2296875 0.36171875 0.16171875 0.16640625
0 0.1796875 0.4890625 0.18046875 0.1546875
0 0.30625 0.4953125 0.14609375 0.1390625
0 0.43359375 0.4953125 0.153125 0.16328125
0 0.5515625 0.5765625 0.140625 0.16796875
0 0.33046875 0.6140625 0.1765625 0.1734375
0 0.45078125 0.6265625 0.12890625 0.17890625
0 0.37890625 0.72578125 0.14609375 0.159375
0 0.51015625 0.74765625 0.1203125 0.190625
0 0.6453125 0.67890625 0.15078125 0.1734375
0 0.63671875 0.80234375 0.14453125 0.09453125
0 0.76015625 0.70546875 0.14609375 0.1578125
0 0.8640625 0.71953125 0.13046875 0.1546875