0 0.46171875 0.08046875 0.1921875 0.14765625
0 0.696875 0.0875 0.171875 0.16484375
0 0.79921875 0.109375 0.153125 0.153125
0 0.2875 0.11953125 0.14921875 0.14921875
0 0.17734375 0.1390625 0.1703125 0.1890625
0 0.234375 0.2546875 0.15625 0.14921875
0 0.51484375 0.27265625 0.16796875 0.18515625
0 0.5546875 0.41015625 0.18515625 0.19921875
0 0.628125 0.4734375 0.1546875 0.18203125
0 0.87421875 0.31015625 0.18203125 0.16640625
0 0.80625 0.41796875 0.1765625 0.1421875
0 0.31328125 0.46640625 0.16328125 0.19375
0 0.40625 0.56796875 0.16328125 0.1890625
0 0.51875 0.63203125 0.13359375 0.11640625
0 0.60234375 0.7 0.1546875 0.190625
0 0.7078125 0.67421875 0.16796875 0.1765625
0 0.1015625 0.50390625 0.18515625 0.159375
0 0.21171875 0.60234375 0.153125 0.1921875
0 0.3046875 0.69453125 0.121875 0.1734375
0 0.4046875 0.73046875 0.16640625 0.12890625
0 0.17421875 0.7109375 0.18046875 0.15078125
1 0.38828125 0.91953125 0.14765625 0.1359375
0 0.89296875 0.925 0.17890625 0.15