0 0.1203125 0.3109375 0.16484375 0.16484375
0 0.20859375 0.21953125 0.1703125 0.1546875
0 0.30234375 0.146875 0.171875 0.16640625
1 0.4515625 0.16796875 0.171875 0.140625
0 0.36796875 0.27421875 0.16328125 0.1875
0 0.5203125 0.265625 0.15078125 0.1765625
0 0.5875 0.115625 0.14453125 0.153125
0 0.703125 0.090625 0.153125 0.14453125
0 0.81796875 0.10390625 0.14609375 0.1703125
0 0.63984375 0.21875 0.1359375 0.1703125
0 0.74375 0.21953125 0.1234375 0.1546875
0 0.8625 0.221875 0.14921875 0.1546875
0 0.27734375 0.3640625 0.1703125 0.14453125
0 0.17265625 0.4375 0.1734375 0.140625
0 0.309375 0.46640625 0.1375 0.13203125
0 0.1921875 0.54140625 0.16796875 0.1703125
1 0.5625 0.47421875 0.1734375 0.16796875
0 0.7765625 0.41640625 0.19765625 0.1734375
0 0.93203125 0.4171875 0.1359375 0.171875
0 0.6953125 0.5046875 0.13359375 0.1375
0 0.43671875 0.6140625 0.1421875 0.15625
0 0.8390625 0.909375 0.125 0.14609375
0 0.84296875 0.78828125 0.1578125 0.15078125
0 0.84453125 0.66484375 0.1578125 0.18203125
0 0.82265625 0.53984375 0.15078125 0.14921875
1 0.7203125 0.6328125 0.1703125 0.159375
0 0.60625 0.60546875 0.103125 0.11171875
0 0.61875 0.7359375 0.18046875 0.153125
0 0.7359375 0.79375 0.1390625 0.18046875
0 0.74609375 0.90234375 0.16328125 0.15625
0 0.61015625 0.86796875 0.14921875 0.14609375
0 0.428125 0.75390625 0.14609375 0.15078125
0 0.32109375 0.79375 0.18515625 0.1875
0 0.32265625 0.67421875 0.10625 0.13203125
0 0.171875 0.83046875 0.171875 0.1421875
0 0.2578125 0.9171875 0.1546875 0.165625
0 0.3984375 0.88671875 0.12734375 0.153125