0 0.171875 0.12421875 0.1375 0.16640625
0 0.0921875 0.2296875 0.12890625 0.1546875
0 0.309375 0.13125 0.1546875 0.18359375
0 0.4546875 0.1609375 0.171875 0.14921875
0 0.64375 0.1078125 0.14765625 0.18203125
0 0.75234375 0.15859375 0.140625 0.159375
0 0.17734375 0.41171875 0.16328125 0.140625
0 0.3140625 0.36484375 0.1375 0.15625
0 0.415625 0.365625 0.11640625 0.1578125
0 0.553125 0.36796875 0.1578125 0.20078125
0 0.86875 0.42734375 0.19921875 0.2234375
0 0.64921875 0.371875 0.10625 0.18046875
0 0.74609375 0.38984375 0.1078125 0.1546875
0 0.77421875 0.51015625 0.140625 0.12734375
0 0.80859375 0.58828125 0.1375 0.14921875
0 0.871875 0.67734375 0.15078125 0.228125
0 0.6140625 0.56015625 0.175 0.19609375
0 0.69765625 0.66171875 0.16640625 0.16640625
0 0.18359375 0.5421875 0.16171875 0.16796875
0 0.18359375 0.6421875 0.16796875 0.14453125
0 0.18828125 0.74921875 0.18046875 0.14921875
0 0.1859375 0.8421875 0.1765625 0.153125
0 0.27890625 0.59140625 0.14921875 0.11171875
0 0.3265625 0.73203125 0.14765625 0.159375
0 0.32109375 0.86875 0.18515625 0.13046875
0 0.396875 0.5796875 0.11640625 0.1421875
0 0.43203125 0.70078125 0.1359375 0.1546875
0 0.49609375 0.5640625 0.1234375 0.16328125
0 0.553125 0.68359375 0.1375 0.1890625
0 0.50859375 0.80234375 0.1890625 0.15625
0 0.50546875 0.896875 0.1703125 0.11875
0 0.65625 0.7953125 0.1703125 0.18203125
0 0.7375 0.84375 0.1703125 0.16328125
0 0.85859375 0.853125 0.12734375 0.14765625
0 0.93984375 0.85859375 0.1203125 0.1921875