0 0.3875 0.15703125 0.13203125 0.1390625
0 0.50625 0.1828125 0.16171875 0.19765625
0 0.628125 0.159375 0.14765625 0.14765625
0 0.6265625 0.28671875 0.19609375 0.1890625
0 0.7609375 0.16328125 0.17890625 0.16796875
0 0.89921875 0.17109375 0.16640625 0.14921875
0 0.91953125 0.25078125 0.13203125 0.12734375
0 0.771875 0.28671875 0.1359375 0.13046875
0 0.8078125 0.3625 0.16328125 0.17890625
0 0.14609375 0.28359375 0.1578125 0.175
0 0.26171875 0.33203125 0.121875 0.14609375
0 0.37421875 0.3671875 0.12734375 0.1546875
0 0.48359375 0.403125 0.1421875 0.16171875
1 0.5765625 0.4375 0.11328125 0.1203125
0 0.19453125 0.40625 0.14609375 0.1390625
0 0.2609375 0.48359375 0.171875 0.159375
0 0.40234375 0.496875 0.1359375 0.159375
0 0.51015625 0.534375 0.1375 0.16484375
1 0.63125 0.55 0.11484375 0.13203125
0 0.73125 0.590625 0.12734375 0.16171875
0 0.85703125 0.6265625 0.140625 0.1578125
0 0.53046875 0.65625 0.14453125 0.15078125
0 0.63984375 0.68515625 0.15625 0.16484375
0 0.77578125 0.72265625 0.15078125 0.16171875
0 0.90234375 0.75546875 0.16328125 0.16796875
0 0.33671875 0.58046875 0.16484375 0.1578125
0 0.41171875 0.65703125 0.1546875 0.159375
0 0.5140625 0.77109375 0.16640625 0.1578125
0 0.64375 0.81875 0.14453125 0.140625
0 0.8 0.846875 0.140625 0.1421875
0 0.72578125 0.88359375 0.11484375 0.18359375
0 0.534375 0.88671875 0.13359375 0.1765625
0 0.40859375 0.8359375 0.1546875 0.16796875
0 0.33125 0.75234375 0.16796875 0.1375
0 0.228125 0.66328125 0.17890625 0.15625
0 0.15546875 0.5609375 0.16328125 0.16640625
0 0.1046875 0.690625 0.1234375 0.1578125
0 0.203125 0.7828125 0.14921875 0.13046875
0 0.2828125 0.88515625 0.1390625 0.14921875
0 0.1390625 0.90859375 0.19921875 0.1828125