0 0.10078125 0.93359375 0.1421875 0.1328125
0 0.2484375 0.88046875 0.159375 0.16796875
0 0.13984375 0.75546875 0.1703125 0.16796875
0 0.08359375 0.62421875 0.153125 0.14921875
0 0.3359375 0.79140625 0.1390625 0.16484375
0 0.453125 0.8734375 0.15078125 0.1875
0 0.53046875 0.925 0.15078125 0.15
0 0.1328125 0.17421875 0.16640625 0.1421875
0 0.1609375 0.26171875 0.121875 0.1421875
0 0.18984375 0.38125 0.16640625 0.18203125
0 0.221875 0.50234375 0.11640625 0.125
0 0.26015625 0.15625 0.14609375 0.16484375
0 0.2875 0.27890625 0.153125 0.13203125
0 0.4 0.13125 0.140625 0.18359375
0 0.50390625 0.190625 0.1703125 0.18203125
0 0.32421875 0.40546875 0.1578125 0.16171875
0 0.3546875 0.54765625 0.1734375 0.19921875
0 0.4265625 0.65234375 0.1359375 0.140625
0 0.45078125 0.42265625 0.15625 0.1578125
0 0.5203125 0.571875 0.1890625 0.16796875
0 0.5640625 0.45625 0.14921875 0.12890625
0 0.55234375 0.31484375 0.159375 0.1390625
0 0.5734375 0.73515625 0.16640625 0.153125
0 0.6125 0.10625 0.1734375 0.13359375
0 0.6671875 0.2328125 0.16640625 0.15625
0 0.68515625 0.35859375 0.18203125 0.1578125
0 0.69375 0.48671875 0.1546875 0.16328125
0 0.66875 0.625 0.16328125 0.171875
0 0.721875 0.74296875 0.12890625 0.18046875
0 0.790625 0.81015625 0.14609375 0.1375
0 0.83125 0.6796875 0.16796875 0.1546875
0 0.8046875 0.5296875 0.1390625 0.1421875
0 0.81015625 0.403125 0.13046875 0.16484375
0 0.78125 0.2703125 0.1234375 0.1390625
0 0.753125 0.13125 0.14921875 0.1421875
0 0.85390625 0.14921875 0.153125 0.140625
0 0.87890625 0.26484375 0.1203125 0.12890625
0 0.91015625 0.40859375 0.140625 0.16484375
0 0.93515625 0.521875 0.1296875 0.15078125