0 0.09296875 0.1484375 0.12734375 0.13203125
0 0.11328125 0.29375 0.1203125 0.16171875
0 0.12890625 0.40234375 0.11328125 0.12890625
0 0.17265625 0.5265625 0.125 0.14921875
0 0.19921875 0.64140625 0.1921875 0.1390625
0 0.2015625 0.7671875 0.20078125 0.171875
0 0.1890625 0.86953125 0.175 0.1390625
0 0.32265625 0.7109375 0.1578125 0.14453125
0 0.328125 0.84453125 0.15078125 0.20234375
0 0.4015625 0.92109375 0.1578125 0.11875
0 0.19375 0.19453125 0.15078125 0.12890625
0 0.18828125 0.075 0.18359375 0.13203125
0 0.2203125 0.28359375 0.15625 0.16171875
0 0.24921875 0.38515625 0.13359375 0.121875
0 0.315625 0.484375 0.17890625 0.1578125
0 0.38203125 0.5640625 0.159375 0.121875
0 0.409375 0.65625 0.159375 0.14453125
0 0.42734375 0.77890625 0.1375 0.1703125
0 0.52265625 0.90546875 0.11875 0.14609375
0 0.5578125 0.76171875 0.21328125 0.1734375
0 0.6109375 0.871875 0.13046875 0.16171875
0 0.30390625 0.0921875 0.1890625 0.13203125
0 0.309375 0.21953125 0.1234375 0.14453125
0 0.34765625 0.3 0.1421875 0.15078125
0 0.43046875 0.38125 0.16796875 0.2609375
0 0.55546875 0.390625 0.1421875 0.190625
0 0.5109375 0.6109375 0.1390625 0.16171875
0 0.62734375 0.65078125 0.153125 0.18203125
0 0.73125 0.68515625 0.14765625 0.1546875
0 0.79140625 0.63359375 0.13359375 0.11328125
0 0.73984375 0.8171875 0.1546875 0.14765625
0 0.878125 0.8421875 0.159375 0.16640625
0 0.8484375 0.7359375 0.15078125 0.1359375
0 0.9234375 0.6734375 0.153125 0.175
0 0.6515625 0.46328125 0.18359375 0.16484375
0 0.78671875 0.540625 0.140625 0.14453125
0 0.80234375 0.44296875 0.1734375 0.175
0 0.6921875 0.371875 0.16796875 0.1734375
0 0.54453125 0.22734375 0.19921875 0.1765625
0 0.4828125 0.14765625 0.171875 0.1203125
0 0.678125 0.21484375 0.16796875 0.171875
0 0.79765625 0.2953125 0.16328125 0.14765625
0 0.8109375 0.19453125 0.15625 0.153125
0 0.90078125 0.32890625 0.15625 0.15625
0 0.9125 0.209375 0.12890625 0.15078125
0 0.84921875 0.0921875 0.09453125 0.14609375
0 0.7375 0.0953125 0.1703125 0.1359375