0 0.20192307692307693 0.26322115384615385 0.17307692307692307 0.21033653846153846
0 0.2608173076923077 0.33653846153846156 0.1346153846153846 0.13581730769230768
0 0.22355769230769232 0.5480769230769231 0.14783653846153846 0.16105769230769232
0 0.3329326923076923 0.5348557692307693 0.11177884615384616 0.140625
0 0.12740384615384615 0.6418269230769231 0.08774038461538461 0.09134615384615384
0 0.14302884615384615 0.7295673076923077 0.11538461538461539 0.10336538461538461
0 0.11538461538461539 0.8305288461538461 0.12860576923076922 0.13581730769230768
0 0.2403846153846154 0.8401442307692307 0.14543269230769232 0.16105769230769232
0 0.3581730769230769 0.9026442307692307 0.13701923076923078 0.16105769230769232
0 0.35336538461538464 0.78125 0.12139423076923077 0.10096153846153846
0 0.3870192307692308 0.7079326923076923 0.18028846153846154 0.13341346153846154
0 0.5228365384615384 0.7331730769230769 0.14543269230769232 0.1346153846153846
0 0.6430288461538461 0.7536057692307693 0.12980769230769232 0.1310096153846154
0 0.734375 0.7692307692307693 0.11177884615384616 0.1201923076923077
0 0.7271634615384616 0.6586538461538461 0.11298076923076923 0.12379807692307693
0 0.8449519230769231 0.125 0.15144230769230768 0.16706730769230768
0 0.8894230769230769 0.265625 0.12259615384615384 0.14423076923076922
0 0.7115384615384616 0.08774038461538461 0.1201923076923077 0.1201923076923077
0 0.7872596153846154 0.24879807692307693 0.12860576923076922 0.140625
0 0.6009615384615384 0.11298076923076923 0.14302884615384615 0.17067307692307693
0 0.6574519230769231 0.2283653846153846 0.12740384615384615 0.12259615384615384
0 0.7584134615384616 0.3798076923076923 0.1346153846153846 0.14903846153846154
0 0.8461538461538461 0.484375 0.14423076923076922 0.15745192307692307
0 0.8653846153846154 0.6033653846153846 0.13701923076923078 0.12740384615384615
0 0.625 0.35336538461538464 0.14783653846153846 0.13581730769230768
0 0.6911057692307693 0.5216346153846154 0.171875 0.1502403846153846
0 0.46033653846153844 0.34975961538461536 0.15504807692307693 0.15144230769230768
0 0.5456730769230769 0.46274038461538464 0.1622596153846154 0.1658653846153846
0 0.43990384615384615 0.49158653846153844 0.12860576923076922 0.13701923076923078
0 0.515625 0.5793269230769231 0.17067307692307693 0.1310096153846154
0 0.6189903846153846 0.6213942307692307 0.13581730769230768 0.15144230769230768