0 0.26322115384615385 0.09735576923076923 0.171875 0.17548076923076922
0 0.39903846153846156 0.08653846153846154 0.16706730769230768 0.17307692307692307
0 0.6286057692307693 0.1201923076923077 0.171875 0.15144230769230768
0 0.90625 0.09735576923076923 0.171875 0.14543269230769232
0 0.5060096153846154 0.15745192307692307 0.17908653846153846 0.14903846153846154
0 0.36658653846153844 0.21754807692307693 0.18028846153846154 0.18389423076923078
0 0.4519230769230769 0.3088942307692308 0.15985576923076922 0.16826923076923078
0 0.5949519230769231 0.27163461538461536 0.14543269230769232 0.13581730769230768
0 0.7944711538461539 0.2512019230769231 0.15985576923076922 0.1201923076923077
0 0.9290865384615384 0.19230769230769232 0.13341346153846154 0.12379807692307693
0 0.9242788461538461 0.2848557692307692 0.15144230769230768 0.13701923076923078
0 0.7884615384615384 0.33774038461538464 0.1310096153846154 0.13701923076923078
0 0.14182692307692307 0.24759615384615385 0.14302884615384615 0.15504807692307693
0 0.21153846153846154 0.32211538461538464 0.11658653846153846 0.13221153846153846
0 0.9194711538461539 0.40024038461538464 0.13942307692307693 0.12740384615384615
0 0.11057692307692307 0.37740384615384615 0.15264423076923078 0.13701923076923078
0 0.27524038461538464 0.44350961538461536 0.1045673076923077 0.12379807692307693
0 0.19951923076923078 0.4639423076923077 0.10697115384615384 0.11899038461538461
0 0.3762019230769231 0.47596153846153844 0.14783653846153846 0.15745192307692307
0 0.46875 0.5 0.140625 0.14423076923076922
0 0.6838942307692307 0.4098557692307692 0.140625 0.13701923076923078
0 0.5949519230769231 0.49038461538461536 0.12860576923076922 0.16706730769230768
0 0.7055288461538461 0.49759615384615385 0.1201923076923077 0.13341346153846154
0 0.8473557692307693 0.4807692307692308 0.16346153846153846 0.140625
0 0.9182692307692307 0.578125 0.15504807692307693 0.15144230769230768
0 0.4326923076923077 0.6262019230769231 0.14783653846153846 0.125
0 0.6081730769230769 0.5757211538461539 0.14423076923076922 0.12139423076923077
0 0.59375 0.6778846153846154 0.14903846153846154 0.15264423076923078
0 0.7139423076923077 0.6550480769230769 0.11899038461538461 0.12860576923076922
0 0.8317307692307693 0.6959134615384616 0.13581730769230768 0.15144230769230768
0 0.35336538461538464 0.7608173076923077 0.13942307692307693 0.1201923076923077
0 0.4735576923076923 0.7259615384615384 0.14903846153846154 0.140625
0 0.9170673076923077 0.7788461538461539 0.1658653846153846 0.14903846153846154
0 0.8221153846153846 0.8665865384615384 0.17908653846153846 0.14543269230769232
0 0.71875 0.7740384615384616 0.13942307692307693 0.13701923076923078
0 0.6021634615384616 0.7908653846153846 0.140625 0.14543269230769232
0 0.49158653846153844 0.8485576923076923 0.140625 0.14903846153846154
0 0.3605769230769231 0.9014423076923077 0.13701923076923078 0.1814903846153846
0 0.18629807692307693 0.6694711538461539 0.12860576923076922 0.14423076923076922
0 0.13341346153846154 0.7728365384615384 0.12379807692307693 0.13701923076923078
0 0.24158653846153846 0.7944711538461539 0.109375 0.11177884615384616
0 0.24278846153846154 0.9146634615384616 0.14903846153846154 0.14903846153846154
0 0.09254807692307693 0.9182692307692307 0.16105769230769232 0.16346153846153846