0 0.08052884615384616 0.18389423076923078 0.15745192307692307 0.16826923076923078
0 0.22355769230769232 0.21634615384615385 0.16346153846153846 0.18509615384615385
0 0.4579326923076923 0.1658653846153846 0.18389423076923078 0.18028846153846154
0 0.5829326923076923 0.14423076923076922 0.15625 0.19230769230769232
0 0.7235576923076923 0.13942307692307693 0.14903846153846154 0.15504807692307693
0 0.8701923076923077 0.15504807692307693 0.13942307692307693 0.16105769230769232
0 0.3401442307692308 0.2860576923076923 0.15144230769230768 0.14903846153846154
0 0.4495192307692308 0.3112980769230769 0.140625 0.15264423076923078
0 0.5625 0.30528846153846156 0.11538461538461539 0.125
0 0.6838942307692307 0.2932692307692308 0.12740384615384615 0.14903846153846154
0 0.796875 0.3076923076923077 0.1310096153846154 0.11658653846153846
0 0.9314903846153846 0.30649038461538464 0.13581730769230768 0.13942307692307693
0 0.16947115384615385 0.36778846153846156 0.14783653846153846 0.15625
0 0.2860576923076923 0.42908653846153844 0.12860576923076922 0.140625
0 0.4098557692307692 0.4543269230769231 0.14783653846153846 0.15625
0 0.53125 0.44350961538461536 0.12860576923076922 0.14423076923076922
0 0.6442307692307693 0.43028846153846156 0.11658653846153846 0.14302884615384615
0 0.7800480769230769 0.43509615384615385 0.16706730769230768 0.14903846153846154
0 0.9206730769230769 0.43509615384615385 0.13341346153846154 0.14903846153846154
0 0.09495192307692307 0.5120192307692307 0.15264423076923078 0.15264423076923078
0 0.203125 0.5649038461538461 0.15144230769230768 0.16466346153846154
0 0.3485576923076923 0.59375 0.18509615384615385 0.16826923076923078
0 0.46153846153846156 0.6057692307692307 0.15504807692307693 0.16706730769230768
0 0.5829326923076923 0.5901442307692307 0.13221153846153846 0.171875
0 0.7163461538461539 0.5889423076923077 0.14543269230769232 0.16105769230769232
0 0.8305288461538461 0.5480769230769231 0.13341346153846154 0.15264423076923078
0 0.14302884615384615 0.7151442307692307 0.13341346153846154 0.1935096153846154
0 0.265625 0.7475961538461539 0.14423076923076922 0.18389423076923078
0 0.38822115384615385 0.7463942307692307 0.14783653846153846 0.17307692307692307
0 0.5120192307692307 0.7283653846153846 0.15745192307692307 0.15504807692307693
0 0.6430288461538461 0.7151442307692307 0.13942307692307693 0.13221153846153846
0 0.7668269230769231 0.7175480769230769 0.14302884615384615 0.14423076923076922
0 0.9026442307692307 0.6814903846153846 0.15625 0.12740384615384615
0 0.4206730769230769 0.8737980769230769 0.15745192307692307 0.14783653846153846
0 0.5456730769230769 0.8365384615384616 0.12139423076923077 0.1201923076923077
0 0.6682692307692307 0.8197115384615384 0.13942307692307693 0.16346153846153846
0 0.7944711538461539 0.8185096153846154 0.14903846153846154 0.11899038461538461
0 0.9110576923076923 0.7836538461538461 0.13221153846153846 0.125
0 0.9278846153846154 0.9026442307692307 0.14302884615384615 0.15264423076923078
0 0.5564903846153846 0.9338942307692307 0.13701923076923078 0.10697115384615384
0 0.15144230769230768 0.890625 0.13942307692307693 0.11899038461538461
0 0.06610576923076923 0.8100961538461539 0.09495192307692307 0.1045673076923077
0 0.6935096153846154 0.9435096153846154 0.12379807692307693 0.11177884615384616