0 0.10697115384615384 0.15504807692307693 0.15985576923076922 0.15264423076923078
0 0.24158653846153846 0.14783653846153846 0.13942307692307693 0.13341346153846154
0 0.3713942307692308 0.14302884615384615 0.14302884615384615 0.171875
0 0.49278846153846156 0.07572115384615384 0.13701923076923078 0.14423076923076922
0 0.8161057692307693 0.10336538461538461 0.1875 0.14302884615384615
0 0.16706730769230768 0.3076923076923077 0.13942307692307693 0.14543269230769232
0 0.2800480769230769 0.31490384615384615 0.13341346153846154 0.125
0 0.40024038461538464 0.3004807692307692 0.14783653846153846 0.13341346153846154
0 0.5108173076923077 0.26802884615384615 0.11538461538461539 0.12379807692307693
0 0.59375 0.21875 0.14302884615384615 0.15985576923076922
0 0.71875 0.20552884615384615 0.12139423076923077 0.16346153846153846
0 0.8786057692307693 0.1971153846153846 0.16466346153846154 0.1310096153846154
0 0.8185096153846154 0.30288461538461536 0.14903846153846154 0.13221153846153846
0 0.15384615384615385 0.43990384615384615 0.13581730769230768 0.140625
0 0.27163461538461536 0.4411057692307692 0.13581730769230768 0.14423076923076922
0 0.4014423076923077 0.421875 0.15144230769230768 0.16466346153846154
0 0.5288461538461539 0.3894230769230769 0.1310096153846154 0.15264423076923078
0 0.6478365384615384 0.3485576923076923 0.13581730769230768 0.12379807692307693
0 0.6586538461538461 0.45913461538461536 0.13221153846153846 0.14543269230769232
0 0.7740384615384616 0.4074519230769231 0.1201923076923077 0.125
0 0.7439903846153846 0.5036057692307693 0.1201923076923077 0.12379807692307693
0 0.8581730769230769 0.53125 0.12740384615384615 0.13221153846153846
0 0.07211538461538461 0.5540865384615384 0.11298076923076923 0.12740384615384615
0 0.1875 0.5528846153846154 0.13701923076923078 0.1310096153846154
0 0.5300480769230769 0.5324519230769231 0.14543269230769232 0.15504807692307693
0 0.3137019230769231 0.5516826923076923 0.12860576923076922 0.14302884615384615
0 0.42427884615384615 0.5516826923076923 0.09615384615384616 0.1201923076923077
0 0.13822115384615385 0.6838942307692307 0.15264423076923078 0.15144230769230768
0 0.25240384615384615 0.6586538461538461 0.1201923076923077 0.14543269230769232
0 0.38341346153846156 0.6622596153846154 0.16826923076923078 0.15504807692307693
0 0.5336538461538461 0.6790865384615384 0.15264423076923078 0.13221153846153846
0 0.6658653846153846 0.6538461538461539 0.14543269230769232 0.13581730769230768
0 0.7824519230769231 0.6634615384615384 0.13701923076923078 0.13942307692307693
0 0.9146634615384616 0.6514423076923077 0.13581730769230768 0.16947115384615385
0 0.15625 0.7824519230769231 0.1310096153846154 0.14423076923076922
0 0.2776442307692308 0.7788461538461539 0.14543269230769232 0.15264423076923078
0 0.3942307692307692 0.7728365384615384 0.13581730769230768 0.13701923076923078
0 0.5036057692307693 0.8257211538461539 0.13942307692307693 0.15144230769230768
0 0.6370192307692307 0.7644230769230769 0.140625 0.140625
0 0.8341346153846154 0.7836538461538461 0.18028846153846154 0.15264423076923078
0 0.9387019230769231 0.7920673076923077 0.12139423076923077 0.13942307692307693
0 0.17548076923076922 0.8966346153846154 0.15144230769230768 0.15144230769230768
0 0.28725961538461536 0.890625 0.1201923076923077 0.15144230769230768
0 0.40024038461538464 0.9182692307692307 0.13701923076923078 0.16346153846153846
0 0.5877403846153846 0.8942307692307693 0.12860576923076922 0.16706730769230768
0 0.7295673076923077 0.8485576923076923 0.1310096153846154 0.15625
0 0.7920673076923077 0.9146634615384616 0.11538461538461539 0.140625
0 0.9026442307692307 0.9170673076923077 0.13341346153846154 0.16105769230769232