0 0.12740384615384615 0.07932692307692307 0.140625 0.14543269230769232
0 0.8100961538461539 0.08774038461538461 0.16466346153846154 0.15745192307692307
0 0.28966346153846156 0.10216346153846154 0.18870192307692307 0.15985576923076922
0 0.4579326923076923 0.11298076923076923 0.1935096153846154 0.18389423076923078
0 0.6129807692307693 0.15504807692307693 0.19591346153846154 0.16346153846153846
0 0.7620192307692307 0.18990384615384615 0.15745192307692307 0.14302884615384615
0 0.12259615384615384 0.20673076923076922 0.15985576923076922 0.18028846153846154
0 0.24278846153846154 0.20552884615384615 0.16706730769230768 0.17908653846153846
0 0.4014423076923077 0.21995192307692307 0.17668269230769232 0.17908653846153846
0 0.5456730769230769 0.28966346153846156 0.19951923076923078 0.16706730769230768
0 0.7271634615384616 0.3233173076923077 0.20072115384615385 0.16826923076923078
0 0.1778846153846154 0.31971153846153844 0.14903846153846154 0.15144230769230768
0 0.33653846153846156 0.34134615384615385 0.1814903846153846 0.15264423076923078
0 0.5252403846153846 0.3918269230769231 0.203125 0.16346153846153846
0 0.6983173076923077 0.42908653846153844 0.18028846153846154 0.16826923076923078
0 0.7740384615384616 0.5 0.16826923076923078 0.16706730769230768
0 0.8942307692307693 0.5793269230769231 0.14302884615384615 0.17307692307692307
0 0.7596153846153846 0.6033653846153846 0.15625 0.15985576923076922
0 0.8305288461538461 0.7355769230769231 0.140625 0.18389423076923078
0 0.8461538461538461 0.8605769230769231 0.15504807692307693 0.14302884615384615
0 0.5456730769230769 0.5168269230769231 0.1971153846153846 0.20552884615384615
0 0.6274038461538461 0.6177884615384616 0.16947115384615385 0.20072115384615385
0 0.7055288461538461 0.7103365384615384 0.16826923076923078 0.171875
0 0.7211538461538461 0.8377403846153846 0.18870192307692307 0.18509615384615385
0 0.5745192307692307 0.9110576923076923 0.14543269230769232 0.14302884615384615
0 0.5420673076923077 0.7980769230769231 0.15625 0.15144230769230768
0 0.4987980769230769 0.6658653846153846 0.20072115384615385 0.19110576923076922
0 0.41466346153846156 0.5817307692307693 0.14543269230769232 0.17548076923076922
0 0.3605769230769231 0.47475961538461536 0.171875 0.16346153846153846
0 0.2548076923076923 0.4483173076923077 0.11899038461538461 0.12740384615384615
0 0.16105769230769232 0.4338942307692308 0.17668269230769232 0.171875
0 0.17908653846153846 0.5540865384615384 0.18389423076923078 0.16105769230769232
0 0.32091346153846156 0.5745192307692307 0.14423076923076922 0.14302884615384615
0 0.33774038461538464 0.7235576923076923 0.14543269230769232 0.16706730769230768
0 0.2283653846153846 0.6658653846153846 0.15745192307692307 0.14903846153846154
0 0.21875 0.7860576923076923 0.16346153846153846 0.16826923076923078
0 0.35216346153846156 0.8353365384615384 0.16105769230769232 0.14543269230769232
0 0.09134615384615384 0.7307692307692307 0.16105769230769232 0.15985576923076922
0 0.11057692307692307 0.8557692307692307 0.13942307692307693 0.15985576923076922
0 0.2439903846153846 0.90625 0.18870192307692307 0.1875