0 0.12139423076923077 0.10817307692307693 0.15144230769230768 0.16346153846153846
0 0.15504807692307693 0.24879807692307693 0.1658653846153846 0.17548076923076922
0 0.2860576923076923 0.4074519230769231 0.15384615384615385 0.16105769230769232
0 0.45072115384615385 0.515625 0.17067307692307693 0.15144230769230768
0 0.5805288461538461 0.5588942307692307 0.13701923076923078 0.15625
0 0.7427884615384616 0.5913461538461539 0.15865384615384615 0.1778846153846154
0 0.8197115384615384 0.7175480769230769 0.16826923076923078 0.1658653846153846
0 0.24639423076923078 0.15384615384615385 0.1658653846153846 0.18269230769230768
0 0.2704326923076923 0.30649038461538464 0.15144230769230768 0.15144230769230768
0 0.37740384615384615 0.21394230769230768 0.16826923076923078 0.18269230769230768
0 0.35216346153846156 0.07211538461538461 0.13701923076923078 0.13942307692307693
0 0.4050480769230769 0.3545673076923077 0.1466346153846154 0.1658653846153846
0 0.5216346153846154 0.40865384615384615 0.16346153846153846 0.16826923076923078
0 0.6382211538461539 0.43990384615384615 0.18028846153846154 0.17307692307692307
0 0.5408653846153846 0.27163461538461536 0.20192307692307693 0.19230769230769232
0 0.5649038461538461 0.14783653846153846 0.16826923076923078 0.15625
0 0.6838942307692307 0.31971153846153844 0.1466346153846154 0.16826923076923078
0 0.7067307692307693 0.203125 0.1778846153846154 0.17548076923076922
0 0.8377403846153846 0.21875 0.14182692307692307 0.16346153846153846
0 0.8509615384615384 0.08774038461538461 0.15384615384615385 0.17067307692307693
0 0.8040865384615384 0.484375 0.17548076923076922 0.15625
0 0.8221153846153846 0.359375 0.1778846153846154 0.18509615384615385
0 0.9086538461538461 0.4723557692307692 0.18269230769230768 0.18028846153846154
0 0.8725961538461539 0.5961538461538461 0.19230769230769232 0.18269230769230768
0 0.9314903846153846 0.3557692307692308 0.13701923076923078 0.16346153846153846
0 0.08052884615384616 0.6310096153846154 0.13701923076923078 0.1658653846153846
0 0.11057692307692307 0.7740384615384616 0.17307692307692307 0.17307692307692307
0 0.20192307692307693 0.6394230769230769 0.15384615384615385 0.17307692307692307
0 0.24519230769230768 0.8016826923076923 0.15865384615384615 0.18990384615384615
0 0.2980769230769231 0.9014423076923077 0.1778846153846154 0.19230769230769232
0 0.33413461538461536 0.6646634615384616 0.13942307692307693 0.1658653846153846
0 0.421875 0.7427884615384616 0.1658653846153846 0.16826923076923078
0 0.4266826923076923 0.8497596153846154 0.18509615384615385 0.1466346153846154
0 0.5288461538461539 0.7932692307692307 0.1346153846153846 0.17307692307692307
0 0.6274038461538461 0.8581730769230769 0.1346153846153846 0.18269230769230768
0 0.7367788461538461 0.9158653846153846 0.12740384615384615 0.16826923076923078