0 0.46153846153846156 0.08052884615384616 0.19230769230769232 0.14783653846153846
0 0.6971153846153846 0.08774038461538461 0.171875 0.16466346153846154
0 0.7992788461538461 0.109375 0.15264423076923078 0.15264423076923078
0 0.28725961538461536 0.11899038461538461 0.14903846153846154 0.14903846153846154
0 0.1778846153846154 0.13942307692307693 0.16947115384615385 0.18870192307692307
0 0.234375 0.2548076923076923 0.15625 0.14903846153846154
0 0.515625 0.27283653846153844 0.16826923076923078 0.18509615384615385
0 0.5540865384615384 0.4098557692307692 0.18509615384615385 0.19951923076923078
0 0.6286057692307693 0.4723557692307692 0.15504807692307693 0.1814903846153846
0 0.8737980769230769 0.31009615384615385 0.1814903846153846 0.16706730769230768
0 0.8064903846153846 0.4182692307692308 0.17668269230769232 0.14302884615384615
0 0.3137019230769231 0.46634615384615385 0.16346153846153846 0.1935096153846154
0 0.40625 0.5685096153846154 0.16346153846153846 0.18870192307692307
0 0.5180288461538461 0.6322115384615384 0.13341346153846154 0.11658653846153846
0 0.6021634615384616 0.6995192307692307 0.15504807692307693 0.19110576923076922
0 0.7079326923076923 0.6742788461538461 0.16826923076923078 0.17668269230769232
0 0.10096153846153846 0.5036057692307693 0.18509615384615385 0.15985576923076922
0 0.21153846153846154 0.6021634615384616 0.15264423076923078 0.19230769230769232
0 0.30528846153846156 0.6947115384615384 0.12139423076923077 0.17307692307692307
0 0.40384615384615385 0.7307692307692307 0.16706730769230768 0.12860576923076922
0 0.17427884615384615 0.7103365384615384 0.18028846153846154 0.15144230769230768
0 0.38822115384615385 0.9194711538461539 0.14783653846153846 0.13581730769230768
0 0.8918269230769231 0.9242788461538461 0.1778846153846154 0.15144230769230768