0 0.4234375 0.2171875 0.1515625 0.17578125
1 0.56015625 0.20078125 0.16796875 0.196875
0 0.16796875 0.2328125 0.17578125 0.178125
0 0.21171875 0.35 0.1390625 0.16796875
0 0.0984375 0.3578125 0.0796875 0.09375
0 0.1390625 0.696875 0.125 0.14921875
0 0.1296875 0.85 0.15625 0.1703125
0 0.91015625 0.0953125 0.13671875 0.15625
0 0.8765625 0.3609375 0.13671875 0.115625
0 0.740625 0.37890625 0.1078125 0.12734375
0 0.5875 0.3890625 0.09609375 0.103125
0 0.46640625 0.44140625 0.13671875 0.14921875
0 0.3421875 0.5296875 0.13203125 0.165625
0 0.33671875 0.6671875 0.134375 0.1390625
0 0.446875 0.63125 0.1421875 0.16796875
0 0.5921875 0.53984375 0.14921875 0.1515625
0 0.7328125 0.51328125 0.15390625 0.178125
0 0.87890625 0.49609375 0.1390625 0.165625
1 0.88359375 0.65625 0.146875 0.15390625
0 0.5796875 0.6625 0.12265625 0.11796875
0 0.83671875 0.775 0.103125 0.115625
0 0.90625 0.8921875 0.13671875 0.1734375
0 0.7828125 0.91015625 0.125 0.16328125
0 0.6734375 0.834375 0.12734375 0.1203125
0 0.40234375 0.80625 0.13203125 0.1390625
0 0.49140625 0.734375 0.15390625 0.125