0 0.44453125 0.11171875 0.16796875 0.165625
0 0.5328125 0.16484375 0.17578125 0.1421875
0 0.63125 0.24140625 0.15859375 0.1734375
0 0.8453125 0.33984375 0.16796875 0.18046875
0 0.72109375 0.34765625 0.146875 0.1609375
0 0.81640625 0.47578125 0.17578125 0.1609375
0 0.93828125 0.4296875 0.1234375 0.159375
0 0.25703125 0.1203125 0.15625 0.16796875
0 0.353125 0.18984375 0.14453125 0.15625
0 0.4984375 0.275 0.14921875 0.16796875
0 0.59609375 0.4015625 0.1390625 0.146875
0 0.6859375 0.48671875 0.12265625 0.1296875
0 0.24140625 0.27265625 0.14921875 0.1828125
0 0.384375 0.34609375 0.1609375 0.17578125
0 0.47578125 0.45703125 0.1296875 0.15390625
0 0.5671875 0.53125 0.165625 0.14921875
0 0.6859375 0.61875 0.1703125 0.1921875
0 0.8265625 0.62109375 0.17578125 0.1921875
0 0.10703125 0.17578125 0.1296875 0.15390625
0 0.1234375 0.29296875 0.17578125 0.15390625
0 0.2703125 0.396875 0.13203125 0.13671875
0 0.36171875 0.478125 0.16328125 0.16328125
0 0.44375 0.58046875 0.14453125 0.146875
0 0.5640625 0.6421875 0.15625 0.15625
0 0.58046875 0.75234375 0.1921875 0.165625
0 0.1390625 0.4109375 0.1421875 0.13671875
0 0.22734375 0.48828125 0.1609375 0.1515625
0 0.30625 0.5765625 0.146875 0.165625
0 0.4359375 0.67421875 0.14453125 0.15859375
0 0.3109375 0.7203125 0.15390625 0.1609375
0 0.36171875 0.79296875 0.14921875 0.16328125
0 0.475 0.81875 0.15390625 0.209375
0 0.5515625 0.896875 0.1828125 0.17578125
0 0.71484375 0.72734375 0.1296875 0.14921875
0 0.8171875 0.7484375 0.14453125 0.14921875
0 0.9109375 0.7796875 0.178125 0.178125
0 0.17890625 0.58984375 0.165625 0.16796875
0 0.09375 0.47734375 0.13203125 0.15390625
0 0.18984375 0.75625 0.14921875 0.1734375
0 0.22265625 0.9078125 0.16796875 0.1703125
0 0.353125 0.8890625 0.1390625 0.19921875