0 0.12734375 0.0796875 0.1421875 0.146875
0 0.81015625 0.0875 0.165625 0.15859375
0 0.28984375 0.10234375 0.18984375 0.15859375
0 0.4578125 0.11328125 0.19453125 0.1828125
0 0.6046875 0.1546875 0.178125 0.16328125
0 0.76171875 0.18984375 0.15859375 0.1421875
0 0.12265625 0.20703125 0.15859375 0.18046875
0 0.24296875 0.20703125 0.165625 0.178125
0 0.4 0.2203125 0.17578125 0.178125
0 0.5453125 0.28984375 0.19921875 0.165625
0 0.72734375 0.321875 0.2015625 0.16796875
0 0.178125 0.31953125 0.14921875 0.1515625
0 0.33671875 0.33984375 0.1828125 0.15390625
0 0.525 0.3921875 0.2015625 0.16328125
0 0.696875 0.42890625 0.18046875 0.16796875
0 0.77421875 0.5015625 0.16796875 0.165625
0 0.89453125 0.5796875 0.1421875 0.1734375
0 0.759375 0.603125 0.15625 0.15859375
0 0.83203125 0.7359375 0.1421875 0.1828125
0 0.84765625 0.8609375 0.15390625 0.1421875
0 0.5453125 0.5171875 0.196875 0.20703125
0 0.62734375 0.61796875 0.1703125 0.2015625
0 0.70546875 0.71171875 0.16796875 0.1734375
1 0.72109375 0.8375 0.18984375 0.18515625
0 0.57421875 0.9109375 0.146875 0.1421875
0 0.540625 0.7984375 0.15625 0.1515625
0 0.4984375 0.665625 0.2015625 0.18984375
0 0.41484375 0.58203125 0.146875 0.17578125
0 0.3609375 0.475 0.1734375 0.16328125
0 0.2546875 0.4484375 0.11796875 0.12734375
0 0.1609375 0.43359375 0.17578125 0.1703125
0 0.18046875 0.55546875 0.1828125 0.1609375
0 0.32109375 0.57421875 0.14453125 0.1421875
0 0.3375 0.7234375 0.146875 0.165625
0 0.228125 0.665625 0.15859375 0.14921875
0 0.21875 0.7875 0.16328125 0.16796875
0 0.35234375 0.83515625 0.1609375 0.146875
0 0.08984375 0.73046875 0.1609375 0.15859375
1 0.1109375 0.85546875 0.1390625 0.15859375
1 0.24375 0.90625 0.18984375 0.1875