0 0.2046875 0.13671875 0.18984375 0.1734375
0 0.0921875 0.38359375 0.1734375 0.18515625
0 0.15859375 0.4859375 0.15625 0.178125
0 0.1734375 0.62109375 0.15390625 0.1421875
0 0.08515625 0.69375 0.1703125 0.165625
0 0.2171875 0.7234375 0.146875 0.1703125
0 0.26328125 0.8234375 0.13671875 0.15390625
0 0.171875 0.8796875 0.2015625 0.1421875
0 0.2921875 0.53515625 0.17578125 0.19921875
0 0.3375 0.66796875 0.1390625 0.1828125
0 0.50625 0.86875 0.2140625 0.2046875
0 0.2359375 0.25390625 0.1828125 0.18046875
0 0.3015625 0.37265625 0.1734375 0.1734375
0 0.41796875 0.459375 0.18984375 0.2015625
0 0.5265625 0.52734375 0.16328125 0.1515625
0 0.35703125 0.12109375 0.16796875 0.165625
0 0.3765625 0.2703125 0.15625 0.17578125
0 0.47734375 0.3546875 0.1390625 0.15625
0 0.5453125 0.2796875 0.14453125 0.165625
0 0.4828125 0.1828125 0.18984375 0.19453125
0 0.58984375 0.41796875 0.15625 0.1421875
0 0.65234375 0.3140625 0.11328125 0.115625
0 0.790625 0.21171875 0.1703125 0.1515625
0 0.759375 0.33671875 0.1203125 0.1828125
0 0.725 0.43125 0.134375 0.16796875
0 0.64921875 0.55625 0.1296875 0.1734375
0 0.87890625 0.359375 0.15625 0.1828125
0 0.78984375 0.0828125 0.16796875 0.14921875
0 0.9 0.11796875 0.13671875 0.146875
0 0.9234375 0.240625 0.134375 0.1515625
0 0.865625 0.51328125 0.134375 0.1734375
0 0.6984375 0.834375 0.18515625 0.1828125
0 0.8296875 0.6203125 0.18515625 0.22109375
0 0.82421875 0.77265625 0.15859375 0.1828125
0 0.79296875 0.884375 0.15859375 0.15859375
0 0.90234375 0.85546875 0.165625 0.1734375