0 0.18984375 0.13359375 0.1390625 0.1203125
0 0.2828125 0.08984375 0.1109375 0.1203125
0 0.3484375 0.17578125 0.16328125 0.1609375
0 0.47734375 0.1265625 0.15390625 0.15859375
0 0.58515625 0.10703125 0.1203125 0.125
0 0.52734375 0.23828125 0.16796875 0.14921875
0 0.71640625 0.17421875 0.15859375 0.1828125
0 0.171875 0.2671875 0.1515625 0.16328125
0 0.2328125 0.3890625 0.1703125 0.165625
0 0.39921875 0.35 0.18046875 0.178125
0 0.53515625 0.3578125 0.13671875 0.14453125
0 0.73203125 0.321875 0.1421875 0.1609375
0 0.8453125 0.2359375 0.146875 0.16328125
0 0.634375 0.4125 0.1421875 0.1609375
0 0.73671875 0.4625 0.1203125 0.1421875
0 0.82421875 0.3578125 0.1078125 0.13671875
0 0.9171875 0.415625 0.115625 0.13203125
0 0.8765625 0.5015625 0.13671875 0.1296875
0 0.1890625 0.4796875 0.17578125 0.16796875
0 0.3109375 0.51171875 0.13203125 0.15390625
0 0.453125 0.44921875 0.16328125 0.165625
0 0.53984375 0.5140625 0.12734375 0.1390625
0 0.6515625 0.55546875 0.11796875 0.11796875
0 0.725 0.63359375 0.12734375 0.13203125
0 0.21875 0.60234375 0.14921875 0.165625
0 0.11328125 0.6890625 0.1421875 0.165625
0 0.23671875 0.6859375 0.11328125 0.1203125
0 0.32421875 0.6421875 0.10078125 0.11796875
0 0.36796875 0.7203125 0.12734375 0.125
0 0.446875 0.56953125 0.11328125 0.115625
0 0.634375 0.69140625 0.0796875 0.09609375
0 0.77734375 0.72109375 0.0671875 0.08203125
0 0.8953125 0.7828125 0.14921875 0.18515625
0 0.6984375 0.78984375 0.06953125 0.0671875
0 0.56640625 0.78828125 0.10078125 0.103125
0 0.62734375 0.86875 0.1390625 0.14921875
0 0.790625 0.8703125 0.1421875 0.146875
0 0.73828125 0.93828125 0.1390625 0.1234375
0 0.47734375 0.9046875 0.10546875 0.115625
0 0.240625 0.771875 0.1109375 0.10546875
0 0.1359375 0.85546875 0.1109375 0.134375
0 0.06015625 0.9203125 0.1203125 0.15390625