0 0.31640625 0.1296875 0.134375 0.1421875
0 0.21171875 0.22109375 0.18515625 0.1734375
0 0.39453125 0.2359375 0.18046875 0.1609375
0 0.3140625 0.31875 0.13671875 0.13203125
0 0.21171875 0.40234375 0.16796875 0.18984375
0 0.321875 0.475 0.18515625 0.18046875
0 0.42578125 0.35078125 0.16328125 0.1703125
0 0.22265625 0.6 0.1703125 0.2046875
0 0.33515625 0.6421875 0.1390625 0.16328125
0 0.43125 0.56640625 0.1421875 0.1296875
0 0.46484375 0.4859375 0.125 0.1078125
0 0.45078125 0.68125 0.125 0.1078125
0 0.24375 0.71640625 0.1421875 0.11796875
0 0.21875 0.8265625 0.134375 0.125
0 0.32109375 0.92578125 0.09375 0.0796875
1 0.42578125 0.84375 0.11796875 0.103125
0 0.49609375 0.79296875 0.125 0.12734375
0 0.615625 0.8375 0.12734375 0.12734375
0 0.61171875 0.7046875 0.1296875 0.11328125
0 0.7515625 0.9046875 0.09140625 0.09140625
0 0.88125 0.95703125 0.05546875 0.053125
0 0.959375 0.8796875 0.0671875 0.0765625
0 0.86640625 0.83515625 0.0890625 0.10546875
1 0.80078125 0.74375 0.12265625 0.14453125
0 0.7171875 0.65234375 0.178125 0.16796875
0 0.8609375 0.55859375 0.18046875 0.18984375
0 0.55546875 0.57109375 0.13671875 0.1703125
0 0.6546875 0.4890625 0.14921875 0.1421875
0 0.7515625 0.4046875 0.14921875 0.17578125
0 0.51953125 0.2984375 0.07421875 0.084375
1 0.6078125 0.35546875 0.16328125 0.1609375
0 0.69609375 0.26171875 0.10078125 0.10546875
0 0.828125 0.30859375 0.09609375 0.11796875
0 0.9328125 0.24375 0.115625 0.115625
0 0.7984375 0.1609375 0.1515625 0.18515625
0 0.61171875 0.18359375 0.19453125 0.196875
0 0.4703125 0.146875 0.1734375 0.1828125
0 0.709375 0.08984375 0.15390625 0.178125
0 0.90390625 0.07109375 0.14921875 0.1421875