0 0.07109375 0.30625 0.0984375 0.12265625
0 0.16796875 0.24375 0.11796875 0.134375
0 0.240625 0.165625 0.1203125 0.1390625
0 0.321875 0.11171875 0.15859375 0.18515625
0 0.1890625 0.3453125 0.13671875 0.125
0 0.290625 0.3234375 0.084375 0.08203125
0 0.4171875 0.334375 0.18046875 0.1734375
0 0.4 0.2015625 0.178125 0.1703125
0 0.553125 0.22265625 0.16796875 0.18984375
0 0.66484375 0.1421875 0.07421875 0.08203125
0 0.67578125 0.2546875 0.0671875 0.08203125
0 0.80625 0.1625 0.15859375 0.1421875
0 0.78125 0.0640625 0.1703125 0.12734375
0 0.9 0.103125 0.115625 0.146875
0 0.896875 0.32578125 0.09375 0.1078125
0 0.7359375 0.3453125 0.10546875 0.11796875
0 0.55078125 0.38671875 0.11796875 0.1296875
0 0.66484375 0.45703125 0.14921875 0.1609375
0 0.7234375 0.5328125 0.1203125 0.1203125
0 0.81015625 0.42890625 0.08203125 0.09609375
0 0.88125 0.509375 0.146875 0.1734375
0 0.29296875 0.4203125 0.11328125 0.1109375
0 0.38359375 0.484375 0.11328125 0.11796875
0 0.2078125 0.48046875 0.125 0.1390625
0 0.1 0.55859375 0.18515625 0.1921875
0 0.21484375 0.6109375 0.11328125 0.14921875
0 0.30390625 0.5671875 0.1296875 0.1734375
0 0.2078125 0.74609375 0.10078125 0.12734375
0 0.1 0.8375 0.09140625 0.10078125
0 0.3328125 0.76328125 0.0890625 0.0984375
0 0.3375 0.9015625 0.2046875 0.1875
0 0.5421875 0.890625 0.18984375 0.18046875
0 0.459375 0.775 0.0625 0.07421875
0 0.7046875 0.7125 0.14453125 0.1703125
0 0.72265625 0.8453125 0.1609375 0.1875
0 0.853125 0.88359375 0.16796875 0.18046875
0 0.8296875 0.73046875 0.1421875 0.13203125