0 0.86171875 0.06953125 0.09375 0.09609375
0 0.61875 0.071875 0.13671875 0.1390625
0 0.75625 0.14453125 0.084375 0.0890625
0 0.9515625 0.12109375 0.0578125 0.0671875
1 0.80859375 0.2640625 0.115625 0.12265625
1 0.41953125 0.084375 0.10078125 0.09609375
0 0.60703125 0.22109375 0.18046875 0.178125
0 0.7203125 0.3453125 0.0671875 0.084375
0 0.7859375 0.3859375 0.134375 0.134375
0 0.87734375 0.44375 0.14921875 0.1734375
0 0.80546875 0.52734375 0.13203125 0.134375
0 0.9265625 0.58515625 0.13671875 0.13203125
0 0.65390625 0.4359375 0.146875 0.13671875
0 0.55390625 0.396875 0.15390625 0.18984375
0 0.60234375 0.5296875 0.165625 0.1203125
0 0.70546875 0.5875 0.178125 0.165625
0 0.7921875 0.6578125 0.18515625 0.15390625
0 0.87265625 0.765625 0.178125 0.16796875
0 0.22734375 0.071875 0.115625 0.1203125
0 0.3171875 0.17578125 0.08671875 0.08203125
0 0.20703125 0.26796875 0.16796875 0.1921875
0 0.2875 0.35234375 0.17578125 0.2046875
0 0.37265625 0.4703125 0.1296875 0.15390625
0 0.44140625 0.5828125 0.115625 0.125
0 0.5140625 0.65 0.1296875 0.18046875
0 0.6046875 0.67578125 0.15390625 0.1734375
0 0.63203125 0.8078125 0.17578125 0.18515625
0 0.7828125 0.87265625 0.21640625 0.209375
0 0.17890625 0.4359375 0.16796875 0.1703125
0 0.2671875 0.5375 0.16328125 0.165625
0 0.35078125 0.67890625 0.1296875 0.15625
0 0.4640625 0.89765625 0.16796875 0.2046875
1 0.30859375 0.890625 0.1203125 0.11328125
0 0.2640625 0.76328125 0.1703125 0.1734375
0 0.18515625 0.63125 0.125 0.17578125