0 0.46171875 0.08046875 0.1921875 0.146875
0 0.696875 0.0875 0.1734375 0.165625
0 0.79921875 0.109375 0.15390625 0.15390625
0 0.2875 0.11875 0.14921875 0.14921875
0 0.178125 0.1390625 0.1703125 0.18984375
0 0.234375 0.2546875 0.15625 0.14921875
0 0.5140625 0.27265625 0.16796875 0.18515625
0 0.55546875 0.41015625 0.18515625 0.19921875
0 0.62890625 0.4734375 0.15390625 0.1828125
0 0.8734375 0.31015625 0.1828125 0.165625
0 0.80625 0.41796875 0.17578125 0.1421875
0 0.3140625 0.46640625 0.16328125 0.19453125
0 0.40625 0.56875 0.16328125 0.18984375
0 0.51953125 0.63203125 0.134375 0.115625
0 0.60234375 0.69921875 0.15390625 0.18984375
0 0.7078125 0.67421875 0.16796875 0.17578125
0 0.10234375 0.50390625 0.18515625 0.15859375
0 0.21171875 0.60234375 0.15390625 0.1921875
0 0.30546875 0.69453125 0.12265625 0.1734375
0 0.4046875 0.73046875 0.165625 0.1296875
0 0.17421875 0.71171875 0.18046875 0.1515625
1 0.38828125 0.91953125 0.146875 0.13671875
0 0.8921875 0.925 0.178125 0.15