0 0.1203125 0.3109375 0.165625 0.165625
0 0.209375 0.2203125 0.1703125 0.15390625
0 0.303125 0.146875 0.1734375 0.165625
1 0.4515625 0.16796875 0.1734375 0.1421875
0 0.36796875 0.27421875 0.16328125 0.1875
0 0.5203125 0.265625 0.1515625 0.17578125
0 0.5875 0.115625 0.14453125 0.15390625
0 0.703125 0.08984375 0.15390625 0.14453125
0 0.81875 0.103125 0.146875 0.1703125
0 0.6390625 0.21875 0.13671875 0.1703125
0 0.74375 0.2203125 0.12265625 0.15390625
0 0.86328125 0.22265625 0.14921875 0.15390625
0 0.27734375 0.3640625 0.1703125 0.14453125
0 0.1734375 0.4375 0.1734375 0.1421875
0 0.30859375 0.46640625 0.13671875 0.13203125
0 0.1921875 0.540625 0.16796875 0.1703125
1 0.5625 0.475 0.1734375 0.16796875
0 0.7765625 0.415625 0.196875 0.1734375
0 0.93125 0.4171875 0.13671875 0.1734375
0 0.69609375 0.5046875 0.134375 0.13671875
0 0.4359375 0.6140625 0.1421875 0.15625
0 0.8390625 0.91015625 0.125 0.146875
0 0.8421875 0.78828125 0.15859375 0.1515625
0 0.8453125 0.66484375 0.15859375 0.1828125
0 0.821875 0.53984375 0.1515625 0.14921875
1 0.7203125 0.63359375 0.1703125 0.15859375
0 0.60546875 0.60546875 0.103125 0.1109375
0 0.61875 0.7359375 0.18046875 0.15390625
0 0.7359375 0.79296875 0.1390625 0.18046875
0 0.74609375 0.90234375 0.16328125 0.15625
0 0.6109375 0.86796875 0.14921875 0.146875
0 0.428125 0.75390625 0.146875 0.1515625
0 0.32109375 0.79296875 0.18515625 0.1875
0 0.321875 0.67421875 0.10546875 0.13203125
0 0.171875 0.83046875 0.1734375 0.1421875
0 0.25859375 0.9171875 0.15390625 0.165625
0 0.39921875 0.88671875 0.12734375 0.15390625