0 0.13671875 0.21171875 0.15625 0.1609375
0 0.146875 0.3734375 0.1703125 0.16328125
0 0.16015625 0.52734375 0.13671875 0.15859375
0 0.29296875 0.5640625 0.16328125 0.1921875
0 0.17578125 0.6828125 0.18984375 0.17578125
0 0.13359375 0.82109375 0.14921875 0.15390625
0 0.1859375 0.91328125 0.13203125 0.134375
0 0.24765625 0.81484375 0.0984375 0.1421875
0 0.30625 0.93046875 0.1109375 0.115625
0 0.37109375 0.78515625 0.16796875 0.15625
0 0.45078125 0.9109375 0.16328125 0.15625
0 0.40625 0.209375 0.15625 0.1734375
0 0.459375 0.3265625 0.11796875 0.1296875
0 0.5171875 0.44140625 0.1703125 0.16328125
0 0.60703125 0.5609375 0.17578125 0.16796875
0 0.54453125 0.12734375 0.1609375 0.134375
0 0.646875 0.08671875 0.13671875 0.134375
0 0.58984375 0.259375 0.196875 0.1515625
0 0.66484375 0.3765625 0.2046875 0.2015625
0 0.7640625 0.49296875 0.14921875 0.16796875
0 0.68125 0.6890625 0.15859375 0.19453125
0 0.77890625 0.7921875 0.16796875 0.178125
0 0.8296875 0.640625 0.1390625 0.1734375
0 0.86171875 0.4390625 0.12734375 0.18515625
0 0.80859375 0.2828125 0.2015625 0.165625
0 0.71015625 0.18359375 0.1390625 0.146875
0 0.84765625 0.13359375 0.146875 0.1390625
0 0.93125 0.2203125 0.13671875 0.16328125