0 0.0796875 0.12890625 0.15859375 0.1421875
0 0.17421875 0.20703125 0.14921875 0.14453125
0 0.109375 0.43359375 0.146875 0.1734375
0 0.28828125 0.15625 0.1515625 0.16328125
0 0.22734375 0.38359375 0.14453125 0.2015625
0 0.35078125 0.271875 0.1703125 0.1921875
0 0.2125 0.59140625 0.196875 0.19921875
0 0.17578125 0.7828125 0.1828125 0.21171875
0 0.275 0.8890625 0.19453125 0.1921875
0 0.38671875 0.78984375 0.1609375 0.1734375
0 0.30625 0.48671875 0.19921875 0.2015625
0 0.39921875 0.5953125 0.165625 0.15625
0 0.459375 0.14921875 0.11796875 0.15625
0 0.49140625 0.25859375 0.16328125 0.165625
0 0.421875 0.38828125 0.1828125 0.178125
0 0.50390625 0.48671875 0.1703125 0.1703125
0 0.490625 0.68359375 0.146875 0.14921875
0 0.43515625 0.9046875 0.15390625 0.18984375
0 0.584375 0.7875 0.16328125 0.15625
0 0.646875 0.8734375 0.16328125 0.1515625
0 0.6734375 0.67890625 0.21171875 0.19453125
0 0.59609375 0.5875 0.16328125 0.15625
0 0.61171875 0.38203125 0.19453125 0.2015625
0 0.7171875 0.2640625 0.178125 0.14921875
0 0.790625 0.40234375 0.18046875 0.1734375
0 0.7984375 0.5875 0.178125 0.20703125
0 0.75234375 0.771875 0.16328125 0.165625
0 0.8296875 0.853125 0.1515625 0.18515625
0 0.91171875 0.78203125 0.1765625 0.1703125
0 0.86875 0.66484375 0.134375 0.1609375
0 0.8734375 0.49296875 0.1078125 0.13671875
0 0.89921875 0.2828125 0.1703125 0.178125
0 0.625 0.165625 0.23046875 0.2015625
0 0.81875 0.17578125 0.16796875 0.1828125