0 0.07421875 0.09765625 0.14453125 0.178125
0 0.2484375 0.13359375 0.1609375 0.14453125
0 0.4234375 0.13203125 0.16796875 0.18984375
0 0.6078125 0.125 0.165625 0.1515625
0 0.79453125 0.115625 0.134375 0.16796875
0 0.14765625 0.22265625 0.16796875 0.196875
0 0.31640625 0.24140625 0.18515625 0.21171875
0 0.5 0.24296875 0.14921875 0.1609375
0 0.103125 0.6421875 0.12734375 0.17578125
0 0.20078125 0.65234375 0.1109375 0.15859375
0 0.1765625 0.7875 0.18046875 0.178125
0 0.29921875 0.89453125 0.19921875 0.18984375
0 0.09609375 0.9078125 0.14453125 0.15390625
0 0.43359375 0.55078125 0.16328125 0.19453125
0 0.46171875 0.7078125 0.1875 0.20703125
0 0.490625 0.86796875 0.16328125 0.16796875
0 0.66015625 0.84765625 0.19453125 0.14453125
0 0.59765625 0.73046875 0.14453125 0.17578125
0 0.58046875 0.5953125 0.14921875 0.16328125
0 0.6671875 0.4953125 0.17578125 0.15390625
0 0.69609375 0.6078125 0.14921875 0.16328125
0 0.7953125 0.46171875 0.146875 0.13671875
0 0.82421875 0.59140625 0.16328125 0.1703125
0 0.7296875 0.7796875 0.15625 0.178125
0 0.79296875 0.69921875 0.19453125 0.17578125