0 0.86640625 0.18359375 0.1703125 0.16328125
0 0.2453125 0.0765625 0.15625 0.153125
0 0.359375 0.1390625 0.115625 0.125
0 0.49609375 0.2046875 0.18046875 0.19453125
0 0.6390625 0.25390625 0.1703125 0.1828125
0 0.884375 0.3421875 0.1609375 0.16328125
0 0.15859375 0.19453125 0.16796875 0.1875
0 0.259375 0.24140625 0.14921875 0.1703125
0 0.33984375 0.27734375 0.1296875 0.14921875
0 0.453125 0.33515625 0.1421875 0.13671875
0 0.65859375 0.415625 0.14921875 0.15625
0 0.76171875 0.459375 0.134375 0.1609375
0 0.87265625 0.48203125 0.125 0.146875
0 0.2765625 0.4203125 0.1875 0.2046875
0 0.41015625 0.46484375 0.15625 0.16796875
0 0.5359375 0.5046875 0.125 0.15625
0 0.66484375 0.5453125 0.14921875 0.146875
1 0.78984375 0.603125 0.13203125 0.14453125
0 0.9046875 0.68046875 0.16328125 0.18984375
0 0.43359375 0.6578125 0.14453125 0.1734375
0 0.5578125 0.709375 0.16328125 0.178125
0 0.69375 0.7875 0.1828125 0.18046875
1 0.82578125 0.865625 0.1703125 0.1734375
0 0.39453125 0.86171875 0.15390625 0.15390625
0 0.3046875 0.6140625 0.13671875 0.14296875