0 0.10703125 0.1875 0.1609375 0.15390625
0 0.2171875 0.259375 0.14921875 0.15625
0 0.6265625 0.09765625 0.1875 0.1921875
0 0.76953125 0.14765625 0.1609375 0.18984375
0 0.66484375 0.30078125 0.0796875 0.0765625
0 0.35234375 0.30078125 0.12734375 0.1390625
1 0.47734375 0.36875 0.17578125 0.14453125
0 0.60546875 0.42421875 0.178125 0.1921875
0 0.7359375 0.46171875 0.1703125 0.16796875
0 0.88671875 0.4640625 0.1296875 0.125
0 0.12890625 0.3421875 0.165625 0.1609375
0 0.25859375 0.39453125 0.1421875 0.1515625
0 0.3453125 0.44140625 0.1390625 0.16796875
1 0.47265625 0.5015625 0.1703125 0.165625
0 0.58203125 0.57421875 0.178125 0.1703125
0 0.709375 0.61796875 0.1421875 0.1609375
0 0.82421875 0.634375 0.1390625 0.134375
0 0.103125 0.48046875 0.12734375 0.134375
0 0.21171875 0.53515625 0.1390625 0.16328125
0 0.321875 0.59140625 0.1390625 0.14921875
0 0.39453125 0.66328125 0.15390625 0.134375
0 0.50703125 0.71484375 0.146875 0.14921875
0 0.6 0.75 0.17578125 0.1390625
0 0.71171875 0.79921875 0.115625 0.14921875
0 0.8890625 0.86640625 0.16796875 0.15859375
0 0.13671875 0.678125 0.1703125 0.1875
1 0.25390625 0.7359375 0.08671875 0.1109375
0 0.3609375 0.80859375 0.16328125 0.19921875
0 0.45703125 0.8734375 0.12734375 0.18046875
0 0.596875 0.91171875 0.18125 0.1765625