0 0.2046875 0.20703125 0.165625 0.17578125
0 0.35 0.24765625 0.13203125 0.1515625
0 0.478125 0.33671875 0.15625 0.1609375
0 0.5671875 0.22578125 0.12265625 0.13203125
0 0.6265625 0.11328125 0.15390625 0.16796875
0 0.77265625 0.0765625 0.16328125 0.1515625
0 0.8546875 0.14921875 0.15625 0.1515625
0 0.74609375 0.23046875 0.146875 0.19921875
0 0.8890625 0.2796875 0.18515625 0.1515625
0 0.9203125 0.4359375 0.15859375 0.13203125
0 0.5265625 0.44921875 0.15390625 0.134375
0 0.671875 0.4859375 0.15625 0.15390625
0 0.57578125 0.5609375 0.1390625 0.14921875
0 0.12890625 0.4625 0.13203125 0.12265625
0 0.0765625 0.63671875 0.12734375 0.12265625
0 0.178125 0.68515625 0.1296875 0.18515625
0 0.28515625 0.73203125 0.1609375 0.18515625
1 0.4078125 0.7328125 0.15390625 0.178125
0 0.5375 0.73046875 0.14921875 0.1609375
0 0.665625 0.7390625 0.14921875 0.15390625
0 0.78359375 0.775 0.1515625 0.15390625
0 0.12890625 0.86328125 0.1609375 0.15390625
0 0.25 0.8890625 0.12265625 0.1421875
0 0.3453125 0.88671875 0.0984375 0.14921875
0 0.4171875 0.88203125 0.115625 0.134375
0 0.525 0.884375 0.1390625 0.146875
0 0.65 0.88203125 0.13671875 0.1515625