0 0.82421875 0.10703125 0.16328125 0.1828125
0 0.39765625 0.1 0.14453125 0.13671875
0 0.6234375 0.19375 0.12734375 0.1203125
0 0.75234375 0.2640625 0.1078125 0.10546875
0 0.4640625 0.240625 0.134375 0.1421875
0 0.5359375 0.2953125 0.1078125 0.1203125
0 0.6421875 0.36640625 0.1421875 0.15390625
0 0.74609375 0.4171875 0.12734375 0.11328125
0 0.7984375 0.5 0.084375 0.1109375
0 0.88125 0.5296875 0.09609375 0.1109375
0 0.30390625 0.6 0.1421875 0.15625
0 0.58046875 0.72265625 0.15625 0.13671875
0 0.78359375 0.74296875 0.15859375 0.1515625
0 0.25390625 0.27734375 0.09609375 0.0984375
0 0.8859375 0.765625 0.115625 0.11328125