0 0.0953125 0.2125 0.16796875 0.21640625
0 0.21640625 0.225 0.15859375 0.209375
0 0.58984375 0.1296875 0.1609375 0.15859375
0 0.740625 0.12109375 0.17578125 0.209375
0 0.8609375 0.12890625 0.12734375 0.1390625
0 0.77890625 0.275 0.21640625 0.196875
0 0.9078125 0.2953125 0.09140625 0.1109375
0 0.8546875 0.42890625 0.134375 0.13203125
0 0.73203125 0.41328125 0.13671875 0.103125
0 0.709375 0.51171875 0.1875 0.15625
0 0.8296875 0.55625 0.12265625 0.1421875
0 0.303125 0.521875 0.1421875 0.11328125
0 0.18125 0.5890625 0.18046875 0.1703125
0 0.28359375 0.76328125 0.125 0.146875
0 0.38828125 0.78828125 0.134375 0.196875
0 0.5 0.83671875 0.134375 0.1828125
0 0.6046875 0.87734375 0.14921875 0.18515625
0 0.76796875 0.90859375 0.1609375 0.146875
0 0.196875 0.89296875 0.17578125 0.1875
0 0.0828125 0.8546875 0.125 0.1296875