0 0.42421875 0.06015625 0.11796875 0.1203125
0 0.55859375 0.08515625 0.1828125 0.1609375
0 0.79921875 0.09140625 0.1609375 0.17578125
0 0.93125 0.084375 0.13671875 0.146875
0 0.30546875 0.20703125 0.0984375 0.10546875
0 0.39765625 0.20703125 0.09140625 0.12265625
0 0.48671875 0.23046875 0.1078125 0.14453125
0 0.60234375 0.2515625 0.1203125 0.1390625
0 0.7296875 0.2453125 0.1609375 0.17578125
0 0.85546875 0.2484375 0.134375 0.1515625
0 0.8171875 0.36328125 0.14453125 0.13671875
0 0.9359375 0.37109375 0.12734375 0.15859375
0 0.55078125 0.35703125 0.1421875 0.1515625
0 0.415625 0.509375 0.1703125 0.17578125
0 0.11875 0.34140625 0.15625 0.178125
0 0.1078125 0.4625 0.1390625 0.15625
0 0.20546875 0.41484375 0.10546875 0.1109375
0 0.19375 0.55078125 0.15390625 0.1703125
0 0.265625 0.665625 0.18984375 0.1609375
0 0.3078125 0.76796875 0.16328125 0.12734375
0 0.146875 0.771875 0.178125 0.17578125
0 0.18046875 0.9125 0.18046875 0.1515625
0 0.3453125 0.896875 0.146875 0.1609375
0 0.43359375 0.65625 0.15859375 0.15625
0 0.459375 0.79296875 0.125 0.13671875
0 0.56015625 0.60234375 0.1734375 0.18984375
0 0.56875 0.73203125 0.15390625 0.14453125
0 0.67578125 0.6546875 0.134375 0.165625
0 0.68515625 0.81875 0.14453125 0.16328125
0 0.78984375 0.75390625 0.146875 0.18046875
0 0.9 0.68515625 0.14921875 0.15859375
0 0.5515625 0.89296875 0.2015625 0.1921875
0 0.77421875 0.915625 0.13203125 0.13671875
0 0.87734375 0.853125 0.1203125 0.146875