0 0.209375 0.1421875 0.13671875 0.13203125
0 0.16796875 0.24765625 0.146875 0.15390625
0 0.2765625 0.08671875 0.14453125 0.1515625
0 0.4203125 0.125 0.13203125 0.134375
0 0.165625 0.4046875 0.15390625 0.15859375
0 0.2765625 0.48828125 0.1609375 0.1921875
0 0.36796875 0.42578125 0.1078125 0.125
0 0.1578125 0.58671875 0.2140625 0.25234375
0 0.24140625 0.6453125 0.178125 0.15390625
0 0.196875 0.78515625 0.1609375 0.1390625
0 0.0875 0.8765625 0.11796875 0.18515625
0 0.29296875 0.86796875 0.16328125 0.18046875
0 0.36328125 0.740625 0.16796875 0.21640625
0 0.47734375 0.7921875 0.17578125 0.21875
0 0.57421875 0.678125 0.146875 0.13671875
0 0.6265625 0.82109375 0.1421875 0.1515625
0 0.7015625 0.69921875 0.12734375 0.1515625
0 0.84375 0.7203125 0.16328125 0.1828125
0 0.75859375 0.84375 0.125 0.1390625
0 0.90234375 0.86875 0.1296875 0.16328125
1 0.44375 0.4796875 0.115625 0.10546875
0 0.5765625 0.51171875 0.14921875 0.15859375
0 0.83046875 0.54296875 0.1203125 0.14921875
0 0.75859375 0.43984375 0.1296875 0.1515625
0 0.803125 0.2125 0.1609375 0.165625
0 0.859375 0.0890625 0.1609375 0.1390625
0 0.86328125 0.3265625 0.1390625 0.16328125
1 0.91328125 0.4578125 0.1390625 0.15859375
1 0.18515625 0.92734375 0.1484375 0.1453125