0 0.27421875 0.1546875 0.15390625 0.17578125
0 0.41484375 0.14453125 0.11796875 0.15390625
0 0.546875 0.1453125 0.11796875 0.1421875
0 0.70078125 0.11796875 0.14921875 0.1703125
0 0.83984375 0.103125 0.1421875 0.16328125
0 0.63125 0.25625 0.12734375 0.13203125
0 0.76796875 0.2328125 0.1609375 0.1734375
0 0.92421875 0.24765625 0.1515625 0.1734375
0 0.83515625 0.3609375 0.1421875 0.15859375
0 0.703125 0.36875 0.146875 0.1609375
0 0.56953125 0.38125 0.16328125 0.146875
0 0.2828125 0.40625 0.146875 0.16796875
0 0.63671875 0.4984375 0.1734375 0.1609375
0 0.9171875 0.5015625 0.165625 0.1703125
0 0.21484375 0.53125 0.1703125 0.1828125
0 0.33984375 0.51328125 0.17578125 0.17578125
0 0.06875 0.27890625 0.12734375 0.14921875
0 0.071875 0.528125 0.14375 0.184375
0 0.5796875 0.62734375 0.14921875 0.1734375
0 0.7171875 0.62109375 0.1703125 0.17578125
0 0.8109375 0.709375 0.13203125 0.1390625
0 0.3015625 0.65234375 0.17578125 0.165625
0 0.5203125 0.75625 0.2046875 0.165625
0 0.3609375 0.75625 0.134375 0.1703125
0 0.22578125 0.75 0.15390625 0.14453125
0 0.08984375 0.7609375 0.1421875 0.1421875
0 0.94453125 0.71640625 0.1109375 0.15390625
0 0.853125 0.86796875 0.0984375 0.14453125
0 0.74375 0.86640625 0.13671875 0.12265625
0 0.45546875 0.8734375 0.15625 0.13671875
0 0.303125 0.88125 0.16796875 0.1921875
0 0.15390625 0.89296875 0.16328125 0.18046875