0 0.14453125 0.103125 0.1421875 0.15859375
0 0.271875 0.11875 0.1734375 0.165625
0 0.43125 0.18046875 0.1703125 0.196875
0 0.328125 0.2671875 0.1828125 0.1734375
0 0.15 0.25703125 0.146875 0.15390625
0 0.50859375 0.2703125 0.14453125 0.1734375
0 0.57421875 0.28984375 0.1421875 0.146875
0 0.58515625 0.15390625 0.13671875 0.12265625
0 0.6265625 0.078125 0.15625 0.13671875
0 0.73046875 0.28984375 0.1734375 0.165625
0 0.78359375 0.18359375 0.16796875 0.1609375
0 0.7609375 0.071875 0.11796875 0.12265625
0 0.87109375 0.0796875 0.13671875 0.15390625
0 0.859375 0.26953125 0.07421875 0.10546875
0 0.6421875 0.5203125 0.12734375 0.12265625
0 0.5265625 0.490625 0.1390625 0.1734375
0 0.4046875 0.46484375 0.15390625 0.20703125
0 0.30078125 0.48828125 0.125 0.1421875
0 0.22265625 0.44140625 0.14453125 0.1703125
0 0.13828125 0.5484375 0.16328125 0.14453125
0 0.4625 0.6109375 0.11796875 0.09140625
0 0.5 0.7171875 0.15859375 0.18515625
0 0.634375 0.7328125 0.15390625 0.1828125
0 0.33203125 0.6890625 0.18515625 0.2046875
0 0.1625 0.6546875 0.16796875 0.16796875
0 0.228125 0.83203125 0.19921875 0.20703125
0 0.4125 0.8484375 0.17578125 0.134375
0 0.55625 0.86328125 0.16328125 0.14921875
0 0.83984375 0.50859375 0.07421875 0.0765625
0 0.9203125 0.459375 0.11796875 0.103125
0 0.9359375 0.57421875 0.12734375 0.15625
0 0.790625 0.72734375 0.12734375 0.1296875
0 0.90859375 0.8234375 0.14921875 0.134375
0 0.775 0.85703125 0.1734375 0.15390625
0 0.92734375 0.7140625 0.1453125 0.125