0 0.1546875 0.1 0.15625 0.15390625
0 0.3015625 0.08984375 0.13671875 0.146875
0 0.4390625 0.08515625 0.13671875 0.1421875
0 0.7140625 0.09765625 0.09140625 0.08671875
0 0.8828125 0.071875 0.153125 0.14375
0 0.08671875 0.228125 0.14453125 0.15625
0 0.23046875 0.2171875 0.11328125 0.11328125
0 0.38125 0.21484375 0.1421875 0.13203125
0 0.51953125 0.20703125 0.15625 0.14453125
0 0.671875 0.19921875 0.14921875 0.13671875
0 0.8125 0.18515625 0.134375 0.14921875
0 0.31953125 0.34140625 0.13203125 0.12734375
0 0.47265625 0.32109375 0.1203125 0.115625
0 0.609375 0.3296875 0.13203125 0.1390625
0 0.31640625 0.50625 0.17578125 0.1609375
0 0.61328125 0.490625 0.134375 0.12265625
0 0.75859375 0.47265625 0.17578125 0.17578125
0 0.45703125 0.58203125 0.146875 0.16796875
0 0.940625 0.43671875 0.11875 0.1453125
0 0.6046875 0.59140625 0.11796875 0.12265625
0 0.7484375 0.58203125 0.14453125 0.13671875
0 0.30859375 0.6078125 0.10078125 0.11328125
0 0.11328125 0.72734375 0.146875 0.1609375
0 0.821875 0.6984375 0.134375 0.146875
0 0.68125 0.69609375 0.0796875 0.09375
0 0.5328125 0.70703125 0.0890625 0.1109375
0 0.17890625 0.83984375 0.134375 0.134375
0 0.321875 0.8296875 0.12265625 0.12734375
0 0.4671875 0.828125 0.14921875 0.14921875
0 0.6203125 0.82421875 0.15390625 0.15859375
0 0.7671875 0.821875 0.1109375 0.1203125