0 0.2703125 0.30546875 0.10078125 0.12265625
0 0.4234375 0.290625 0.1421875 0.1390625
0 0.475 0.4109375 0.13671875 0.13671875
0 0.66484375 0.39921875 0.146875 0.15625
0 0.3375 0.1828125 0.134375 0.15390625
0 0.38828125 0.0890625 0.134375 0.12734375
0 0.49375 0.1703125 0.1609375 0.1734375
0 0.18515625 0.43125 0.134375 0.146875
0 0.428125 0.546875 0.14921875 0.14921875
1 0.65 0.67578125 0.13671875 0.15625
0 0.365625 0.68515625 0.10546875 0.134375
0 0.43046875 0.80546875 0.1078125 0.1390625
0 0.5796875 0.80859375 0.134375 0.146875
0 0.71171875 0.27421875 0.1515625 0.165625
1 0.6390625 0.15625 0.12734375 0.165625
0 0.85 0.275 0.1421875 0.1734375
1 0.7796875 0.13671875 0.12734375 0.134375
0 0.91796875 0.1421875 0.16328125 0.19921875
0 0.92734375 0.39609375 0.1453125 0.1734375
0 0.06875 0.69453125 0.134375 0.14921875
0 0.2171875 0.93046875 0.13671875 0.1390625