0 0.0921875 0.14921875 0.12734375 0.13203125
0 0.11328125 0.29296875 0.1203125 0.1609375
0 0.12890625 0.40234375 0.11328125 0.1296875
0 0.1734375 0.5265625 0.125 0.14921875
0 0.19921875 0.6421875 0.1921875 0.1390625
0 0.2015625 0.7671875 0.2015625 0.1734375
0 0.1890625 0.86875 0.17578125 0.1390625
0 0.321875 0.71171875 0.15859375 0.14453125
0 0.328125 0.8453125 0.1515625 0.2015625
0 0.4015625 0.9203125 0.15859375 0.11796875
0 0.19375 0.19453125 0.1515625 0.1296875
0 0.1890625 0.07421875 0.1828125 0.13203125
0 0.2203125 0.28359375 0.15625 0.1609375
0 0.2484375 0.384375 0.134375 0.12265625
0 0.31640625 0.484375 0.178125 0.15859375
0 0.38203125 0.5640625 0.15859375 0.12265625
0 0.41015625 0.65625 0.15859375 0.14453125
0 0.428125 0.77890625 0.13671875 0.1703125
0 0.52265625 0.9046875 0.11796875 0.146875
0 0.5578125 0.76171875 0.2140625 0.1734375
0 0.6109375 0.87109375 0.1296875 0.1609375
0 0.30390625 0.0921875 0.18984375 0.13203125
0 0.30859375 0.2203125 0.12265625 0.14453125
0 0.34765625 0.30078125 0.1421875 0.1515625
0 0.43046875 0.3875 0.16796875 0.24921875
0 0.55546875 0.390625 0.1421875 0.18984375
0 0.5109375 0.6140625 0.1390625 0.15390625
0 0.62734375 0.65 0.15390625 0.1828125
0 0.73046875 0.68515625 0.146875 0.15390625
0 0.790625 0.63359375 0.134375 0.11328125
0 0.740625 0.8171875 0.15390625 0.146875
0 0.87890625 0.8421875 0.15859375 0.165625
0 0.8484375 0.7359375 0.1515625 0.13671875
0 0.92265625 0.67265625 0.1546875 0.1765625
0 0.6515625 0.4625 0.1828125 0.165625
0 0.7875 0.540625 0.1421875 0.14453125
0 0.803125 0.44375 0.1734375 0.17578125
0 0.6921875 0.37109375 0.16796875 0.1734375
0 0.54453125 0.22734375 0.19921875 0.17578125
0 0.4828125 0.14765625 0.1734375 0.1203125
0 0.678125 0.21484375 0.16796875 0.1734375
0 0.7984375 0.2953125 0.16328125 0.146875
0 0.8109375 0.19453125 0.15625 0.15390625
0 0.9 0.3296875 0.15625 0.15625
0 0.9125 0.209375 0.1296875 0.1515625
0 0.85 0.0921875 0.09375 0.146875
0 0.73828125 0.0953125 0.1703125 0.13671875