0 0.14765625 0.1390625 0.16328125 0.1921875
0 0.290625 0.13125 0.1390625 0.16328125
0 0.44140625 0.1296875 0.15859375 0.15390625
0 0.740625 0.1140625 0.10078125 0.09375
0 0.8578125 0.11171875 0.09375 0.12265625
0 0.08203125 0.28125 0.1296875 0.15390625
0 0.2328125 0.28359375 0.1609375 0.1515625
0 0.36796875 0.26171875 0.146875 0.15625
0 0.51796875 0.24609375 0.15390625 0.1703125
0 0.66484375 0.2453125 0.1390625 0.14921875
0 0.7921875 0.22265625 0.125 0.1421875
0 0.1671875 0.39453125 0.134375 0.15625
0 0.3140625 0.3953125 0.14921875 0.13671875
0 0.45546875 0.37734375 0.13671875 0.1296875
0 0.5984375 0.36875 0.14453125 0.12265625
0 0.73671875 0.35234375 0.13203125 0.14453125
0 0.84765625 0.3453125 0.1390625 0.14921875
0 0.24296875 0.521875 0.134375 0.14921875
0 0.37109375 0.50625 0.12734375 0.146875
0 0.5015625 0.5 0.1734375 0.15859375
0 0.6734375 0.46484375 0.15859375 0.1734375
0 0.828125 0.47265625 0.1515625 0.14921875
0 0.89765625 0.58984375 0.1609375 0.14453125
0 0.4375 0.615625 0.14921875 0.1515625
0 0.6296875 0.61796875 0.15390625 0.1703125
0 0.8265625 0.7203125 0.14453125 0.146875
0 0.90625 0.85234375 0.16328125 0.16328125