0 0.140625 0.1890625 0.2046875 0.165625
0 0.40234375 0.178125 0.16796875 0.1515625
0 0.5453125 0.09375 0.14453125 0.146875
0 0.453125 0.27421875 0.13671875 0.1421875
0 0.56953125 0.24296875 0.1421875 0.1515625
0 0.728125 0.18984375 0.18515625 0.18984375
0 0.87890625 0.2296875 0.1921875 0.1875
0 0.7328125 0.303125 0.16328125 0.14921875
0 0.6 0.38125 0.1734375 0.178125
0 0.85546875 0.5296875 0.196875 0.19921875
0 0.0921875 0.33515625 0.13671875 0.1390625
0 0.2171875 0.30625 0.14453125 0.09609375
0 0.24296875 0.41953125 0.2015625 0.178125
0 0.08984375 0.43125 0.1296875 0.1203125
0 0.071875 0.5375 0.1078125 0.103125
0 0.22578125 0.5609375 0.103125 0.11328125
0 0.2359375 0.66796875 0.1203125 0.15625
0 0.34140625 0.61875 0.134375 0.1515625
0 0.490625 0.61328125 0.178125 0.15390625
0 0.803125 0.69921875 0.14921875 0.1515625
0 0.584375 0.7203125 0.165625 0.15859375
0 0.30546875 0.759375 0.209375 0.17578125
0 0.45703125 0.7609375 0.1390625 0.1515625
0 0.8734375 0.82109375 0.18984375 0.178125
0 0.1421875 0.9078125 0.1734375 0.1828125
0 0.28125 0.9078125 0.1734375 0.16796875
0 0.4421875 0.8859375 0.16796875 0.165625