1 0.2015625 0.2640625 0.1734375 0.21171875
0 0.259375 0.33671875 0.134375 0.13671875
1 0.2046875 0.5375 0.16640625 0.1609375
0 0.33203125 0.53515625 0.11328125 0.1390625
0 0.1265625 0.6421875 0.0890625 0.09140625
0 0.14296875 0.7296875 0.115625 0.103125
0 0.115625 0.83046875 0.12734375 0.13671875
0 0.240625 0.83984375 0.14453125 0.1609375
0 0.3578125 0.90234375 0.13671875 0.1609375
0 0.353125 0.7796875 0.1203125 0.10078125
0 0.38671875 0.7078125 0.18046875 0.134375
0 0.52265625 0.7328125 0.14453125 0.134375
0 0.64296875 0.75390625 0.1296875 0.1296875
0 0.734375 0.76953125 0.11328125 0.1203125
1 0.72734375 0.6421875 0.11328125 0.15625
0 0.8453125 0.12734375 0.1515625 0.16796875
0 0.8890625 0.265625 0.12265625 0.14453125
0 0.71171875 0.0875 0.1203125 0.1203125
0 0.7875 0.2484375 0.12734375 0.1390625
0 0.60234375 0.1140625 0.1421875 0.1703125
0 0.6578125 0.228125 0.12734375 0.12265625
1 0.75703125 0.38125 0.134375 0.14921875
0 0.84609375 0.4859375 0.14453125 0.15625
0 0.865625 0.603125 0.13671875 0.12734375
0 0.61796875 0.35234375 0.146875 0.13671875
0 0.69140625 0.521875 0.1734375 0.14921875
0 0.46015625 0.35 0.15390625 0.1515625
0 0.5453125 0.4625 0.1609375 0.165625
0 0.4359375 0.49140625 0.12734375 0.13671875
0 0.515625 0.5796875 0.1703125 0.13203125
0 0.615625 0.6234375 0.13671875 0.1515625