0 0.0875 0.11328125 0.175 0.1921875
0 0.2234375 0.13359375 0.16328125 0.18984375
0 0.12109375 0.27421875 0.13203125 0.16328125
0 0.21640625 0.27421875 0.12265625 0.13203125
0 0.3609375 0.15625 0.14921875 0.15625
0 0.34140625 0.26953125 0.14921875 0.146875
0 0.484375 0.265625 0.1734375 0.2015625
0 0.56640625 0.1421875 0.1734375 0.14921875
0 0.475 0.06484375 0.14453125 0.1296875
0 0.7484375 0.196875 0.16328125 0.15625
0 0.89921875 0.24296875 0.14921875 0.165625
0 0.646875 0.2703125 0.1703125 0.178125
0 0.78515625 0.28984375 0.16328125 0.1515625
0 0.1859375 0.43046875 0.1734375 0.18046875
0 0.5921875 0.3765625 0.16328125 0.14453125
0 0.740625 0.39921875 0.15859375 0.134375
0 0.88359375 0.3734375 0.1515625 0.14453125
0 0.5265625 0.47734375 0.125 0.1703125
0 0.70546875 0.521875 0.1390625 0.16328125
1 0.8390625 0.50390625 0.14453125 0.1734375
1 0.41328125 0.53359375 0.178125 0.19921875
0 0.27265625 0.51953125 0.14921875 0.17578125
0 0.09765625 0.59765625 0.1390625 0.1390625
0 0.084375 0.475 0.1609375 0.15859375
0 0.178125 0.6453125 0.14921875 0.15859375
1 0.3078125 0.6421875 0.14921875 0.16328125
1 0.44921875 0.6703125 0.1734375 0.1734375
0 0.634375 0.69140625 0.18046875 0.16328125
0 0.79296875 0.71484375 0.14921875 0.1734375
0 0.90859375 0.76796875 0.1390625 0.14921875
0 0.3421875 0.7484375 0.1203125 0.12734375
1 0.2171875 0.80078125 0.2140625 0.178125
0 0.68125 0.79296875 0.103125 0.10546875
0 0.578125 0.9 0.1703125 0.19921875
0 0.7203125 0.9046875 0.13203125 0.15390625
0 0.7984375 0.8171875 0.11328125 0.115625
0 0.86171875 0.91796875 0.1515625 0.16328125
0 0.45234375 0.91640625 0.1765625 0.1671875