0 0.08046875 0.18359375 0.15859375 0.16796875
0 0.2203125 0.21640625 0.16328125 0.18515625
0 0.4578125 0.165625 0.1828125 0.18046875
0 0.5828125 0.14453125 0.15625 0.1921875
0 0.72578125 0.140625 0.14921875 0.15390625
0 0.86875 0.15625 0.1390625 0.1609375
0 0.33671875 0.2859375 0.1515625 0.14921875
0 0.44921875 0.3109375 0.1390625 0.15390625
0 0.5640625 0.30546875 0.115625 0.125
0 0.68359375 0.29296875 0.12734375 0.14921875
0 0.796875 0.30625 0.1296875 0.115625
0 0.93125 0.30625 0.13671875 0.1390625
0 0.1703125 0.36796875 0.146875 0.15625
0 0.2859375 0.42890625 0.1296875 0.1421875
0 0.4125 0.4546875 0.146875 0.15625
0 0.53125 0.44375 0.1296875 0.14453125
0 0.64453125 0.43046875 0.115625 0.1421875
0 0.7796875 0.43515625 0.165625 0.14921875
0 0.921875 0.4359375 0.134375 0.14921875
0 0.0953125 0.51171875 0.15390625 0.15390625
0 0.2015625 0.56484375 0.1515625 0.165625
0 0.3484375 0.59375 0.18515625 0.16796875
0 0.46171875 0.60546875 0.15390625 0.165625
0 0.5828125 0.58984375 0.13203125 0.1734375
0 0.7171875 0.5890625 0.146875 0.1609375
0 0.83203125 0.5484375 0.134375 0.15390625
0 0.1421875 0.71484375 0.134375 0.19453125
0 0.2671875 0.74765625 0.14453125 0.1828125
0 0.38828125 0.74609375 0.146875 0.1734375
0 0.51171875 0.728125 0.15859375 0.15390625
0 0.64296875 0.71484375 0.1390625 0.13203125
0 0.7671875 0.7171875 0.1421875 0.14453125
0 0.90234375 0.68125 0.15625 0.12734375
0 0.4203125 0.8734375 0.15859375 0.146875
0 0.5453125 0.83671875 0.12265625 0.1203125
0 0.66796875 0.81953125 0.1390625 0.16328125
0 0.79296875 0.81875 0.14921875 0.11796875
0 0.9109375 0.78359375 0.13203125 0.125
0 0.928125 0.90234375 0.1421875 0.15390625
0 0.55625 0.93359375 0.13671875 0.10546875
0 0.1515625 0.890625 0.1390625 0.11796875
0 0.06640625 0.80859375 0.09375 0.10546875
0 0.69296875 0.94296875 0.1234375 0.1140625