0 0.19921875 0.16796875 0.15390625 0.14453125
0 0.27734375 0.11328125 0.12734375 0.13203125
0 0.3734375 0.09609375 0.12265625 0.13671875
0 0.78828125 0.11796875 0.14453125 0.1390625
0 0.9109375 0.1234375 0.15390625 0.125
0 0.140625 0.34765625 0.1296875 0.1609375
0 0.26953125 0.3140625 0.1390625 0.15859375
0 0.4 0.26328125 0.1296875 0.12265625
0 0.5015625 0.178125 0.1203125 0.1078125
0 0.63125 0.23828125 0.1515625 0.16328125
0 0.74765625 0.2875 0.1296875 0.13671875
0 0.86875 0.25859375 0.134375 0.1421875
0 0.09765625 0.49609375 0.14453125 0.13671875
0 0.22265625 0.43984375 0.1296875 0.134375
0 0.38828125 0.38671875 0.18515625 0.1828125
0 0.51796875 0.31484375 0.13203125 0.165625
0 0.5328125 0.4203125 0.14921875 0.14453125
0 0.66484375 0.446875 0.13671875 0.1421875
0 0.7546875 0.415625 0.11796875 0.15390625
0 0.85234375 0.390625 0.13203125 0.1421875
0 0.94453125 0.38125 0.1109375 0.1421875
0 0.3125 0.49375 0.15859375 0.15625
0 0.4546875 0.52421875 0.1390625 0.16328125
0 0.56484375 0.5296875 0.1296875 0.14453125
0 0.6875 0.57109375 0.14921875 0.14921875
0 0.80078125 0.5328125 0.1421875 0.13671875
0 0.928125 0.5109375 0.1421875 0.1390625
0 0.259375 0.5953125 0.1609375 0.16328125
0 0.3890625 0.6140625 0.1390625 0.1296875
0 0.51953125 0.6390625 0.13671875 0.1078125
0 0.615625 0.6890625 0.11796875 0.15859375
0 0.740625 0.696875 0.10546875 0.15390625
0 0.834375 0.6625 0.1390625 0.18984375
0 0.08671875 0.69609375 0.15859375 0.1828125
0 0.2296875 0.74765625 0.16328125 0.165625
0 0.36875 0.7484375 0.146875 0.1703125
0 0.53515625 0.7640625 0.1609375 0.15859375
0 0.6703125 0.8140625 0.16328125 0.146875
0 0.80859375 0.8421875 0.1734375 0.1421875
0 0.89765625 0.775 0.1515625 0.146875
0 0.13125 0.821875 0.146875 0.11796875
0 0.303125 0.86796875 0.16796875 0.146875
0 0.46171875 0.88359375 0.18046875 0.15390625
0 0.6109375 0.921875 0.18984375 0.15390625