0 0.17578125 0.13671875 0.1609375 0.1703125
0 0.30546875 0.13125 0.12734375 0.1609375
0 0.4125 0.165625 0.146875 0.18984375
0 0.7171875 0.0921875 0.146875 0.15625
0 0.80546875 0.14296875 0.1421875 0.146875
0 0.90390625 0.14921875 0.13671875 0.17578125
0 0.9109375 0.33203125 0.15625 0.1515625
0 0.7953125 0.2984375 0.16796875 0.178125
0 0.68046875 0.24375 0.134375 0.13671875
0 0.58515625 0.1359375 0.15625 0.18046875
0 0.49375 0.25859375 0.16796875 0.18515625
0 0.6234375 0.334375 0.15390625 0.1390625
0 0.70078125 0.4046875 0.13671875 0.1515625
0 0.8078125 0.4359375 0.09609375 0.09375
0 0.25859375 0.2953125 0.1078125 0.1109375
0 0.3890625 0.32421875 0.16328125 0.1390625
0 0.5484375 0.43359375 0.1734375 0.13671875
0 0.66796875 0.53984375 0.165625 0.134375
0 0.7984375 0.5609375 0.17578125 0.18515625
0 0.896875 0.6140625 0.16796875 0.1515625
0 0.7765625 0.7046875 0.1421875 0.11796875
0 0.88828125 0.72734375 0.1515625 0.18046875
0 0.940625 0.840625 0.11875 0.134375
0 0.46171875 0.571875 0.12265625 0.12734375
0 0.52421875 0.678125 0.165625 0.1390625
0 0.6828125 0.82109375 0.1734375 0.1515625
0 0.74140625 0.91484375 0.1515625 0.1609375
0 0.16484375 0.43359375 0.178125 0.15859375
0 0.24140625 0.4828125 0.12734375 0.14453125
0 0.2953125 0.5484375 0.13671875 0.1609375
0 0.3578125 0.634375 0.16328125 0.146875
0 0.37109375 0.74296875 0.1703125 0.15625
0 0.4703125 0.78359375 0.14453125 0.12734375
0 0.5625 0.78359375 0.12265625 0.134375
0 0.60546875 0.915625 0.134375 0.12734375
0 0.50859375 0.9 0.1515625 0.13671875
0 0.3703125 0.865625 0.14453125 0.13671875
0 0.134375 0.63359375 0.1609375 0.13203125
0 0.19609375 0.7203125 0.15390625 0.15625
0 0.22734375 0.8375 0.16328125 0.1703125
0 0.1140625 0.915625 0.1734375 0.15390625