0 0.8765625 0.1546875 0.1734375 0.15859375
0 0.7171875 0.16796875 0.165625 0.17578125
0 0.91484375 0.271875 0.1421875 0.13671875
0 0.91015625 0.39453125 0.14921875 0.1703125
0 0.78125 0.26171875 0.146875 0.1421875
0 0.7875 0.3765625 0.14453125 0.1421875
0 0.47109375 0.11328125 0.1734375 0.16328125
0 0.57421875 0.19609375 0.15390625 0.15859375
0 0.60546875 0.3109375 0.1734375 0.1515625
0 0.64453125 0.42890625 0.15625 0.16796875
0 0.759375 0.4984375 0.1703125 0.1703125
0 0.3546875 0.18984375 0.18984375 0.20703125
0 0.43125 0.30078125 0.2015625 0.19921875
0 0.5296875 0.40859375 0.15859375 0.18984375
0 0.61328125 0.571875 0.16796875 0.17578125
0 0.790625 0.6203125 0.1875 0.18046875
0 0.80546875 0.76171875 0.1734375 0.15390625
0 0.80859375 0.884375 0.18515625 0.15390625
0 0.6359375 0.70546875 0.17578125 0.196875
0 0.6609375 0.83203125 0.165625 0.15859375
0 0.48828125 0.5453125 0.125 0.1109375
0 0.5 0.69609375 0.1921875 0.196875
0 0.521875 0.83203125 0.146875 0.15390625
0 0.20078125 0.265625 0.18984375 0.2140625
0 0.2140625 0.43359375 0.196875 0.17578125
0 0.3390625 0.5015625 0.2046875 0.18515625
0 0.33671875 0.6421875 0.228125 0.1296875
0 0.334375 0.7484375 0.20703125 0.1390625
0 0.30546875 0.87109375 0.1421875 0.165625
0 0.13203125 0.5875 0.13671875 0.15859375
0 0.1734375 0.7234375 0.16328125 0.15390625
0 0.2015625 0.8453125 0.165625 0.15625
0 0.0890625 0.8578125 0.146875 0.17578125
0 0.0734375 0.7296875 0.1390625 0.1609375