0 0.08671875 0.09609375 0.15390625 0.16328125
0 0.07578125 0.225 0.1515625 0.15625
0 0.07421875 0.3515625 0.1484375 0.184375
0 0.2046875 0.09140625 0.178125 0.15859375
0 0.19453125 0.22734375 0.178125 0.18046875
0 0.19375 0.36640625 0.15625 0.165625
0 0.16328125 0.48828125 0.14921875 0.16328125
0 0.12734375 0.60703125 0.178125 0.17578125
0 0.0796875 0.7203125 0.14921875 0.165625
0 0.32421875 0.1109375 0.15390625 0.15390625
0 0.3375 0.2296875 0.18984375 0.15625
0 0.3484375 0.33515625 0.1828125 0.15625
0 0.32109375 0.4390625 0.18515625 0.18046875
0 0.28359375 0.56484375 0.2015625 0.2015625
0 0.25859375 0.71171875 0.18515625 0.20703125
0 0.19375 0.84375 0.1515625 0.15390625
0 0.365625 0.7859375 0.16328125 0.1828125
0 0.35234375 0.89765625 0.1703125 0.12734375
0 0.50234375 0.07578125 0.2015625 0.1515625
0 0.5203125 0.1921875 0.209375 0.178125
0 0.53125 0.31875 0.18984375 0.1703125
0 0.48828125 0.4390625 0.1875 0.18046875
0 0.51328125 0.553125 0.17578125 0.18046875
0 0.6390625 0.5828125 0.16328125 0.228125
0 0.6859375 0.77734375 0.209375 0.19453125
0 0.634375 0.8703125 0.1828125 0.15390625
0 0.74296875 0.92890625 0.14921875 0.1421875
0 0.696875 0.19375 0.14921875 0.16796875
0 0.696875 0.30859375 0.18046875 0.146875
0 0.7359375 0.42890625 0.165625 0.1875
0 0.79296875 0.5640625 0.18515625 0.18046875
0 0.8421875 0.69609375 0.165625 0.16328125
0 0.82578125 0.81640625 0.165625 0.1734375
0 0.8109375 0.1234375 0.18984375 0.1515625
0 0.8328125 0.2484375 0.18046875 0.1609375
0 0.865625 0.37890625 0.2046875 0.1875
0 0.9171875 0.484375 0.16328125 0.18046875
0 0.91953125 0.61796875 0.1609375 0.13203125