0 0.109375 0.23203125 0.1734375 0.1828125
0 0.16796875 0.1296875 0.19453125 0.146875
0 0.1890625 0.85 0.16328125 0.1734375
0 0.9015625 0.1 0.15390625 0.16796875
0 0.7796875 0.1203125 0.1421875 0.15390625
0 0.88359375 0.2234375 0.16796875 0.1609375
0 0.75234375 0.22265625 0.1515625 0.15390625
0 0.64921875 0.1828125 0.165625 0.15390625
0 0.4984375 0.11328125 0.2140625 0.196875
0 0.4234375 0.18125 0.18515625 0.115625
0 0.85546875 0.3640625 0.1734375 0.1515625
0 0.89921875 0.46640625 0.1875 0.15390625
0 0.9234375 0.6234375 0.1515625 0.1703125
0 0.80625 0.5921875 0.14921875 0.15859375
0 0.7140625 0.3640625 0.15859375 0.178125
0 0.6078125 0.31953125 0.15859375 0.178125
0 0.71171875 0.50234375 0.18046875 0.2046875
0 0.5875 0.43359375 0.2046875 0.18046875
0 0.4546875 0.36328125 0.16796875 0.15859375
0 0.40234375 0.2859375 0.11328125 0.12265625
0 0.29453125 0.26171875 0.18046875 0.1421875
0 0.33671875 0.37890625 0.16796875 0.16328125
0 0.2296875 0.36171875 0.1609375 0.165625
0 0.18046875 0.4890625 0.18046875 0.15390625
0 0.30625 0.4953125 0.146875 0.1390625
0 0.43359375 0.4953125 0.15390625 0.16328125
0 0.5515625 0.5765625 0.1421875 0.16796875
0 0.33046875 0.6140625 0.17578125 0.1734375
0 0.45078125 0.6265625 0.1296875 0.178125
0 0.37890625 0.72578125 0.146875 0.15859375
0 0.509375 0.74765625 0.1203125 0.18984375
0 0.6453125 0.67890625 0.1515625 0.1734375
0 0.63671875 0.803125 0.14453125 0.09375
0 0.759375 0.70546875 0.146875 0.15859375
0 0.8640625 0.7203125 0.1296875 0.15390625