0 0.27265625 0.178125 0.1703125 0.1828125
0 0.39453125 0.22578125 0.15625 0.18515625
0 0.50859375 0.1421875 0.1421875 0.165625
0 0.6578125 0.2046875 0.1703125 0.16328125
0 0.8296875 0.1703125 0.165625 0.1609375
0 0.91484375 0.22265625 0.1203125 0.134375
0 0.7984375 0.27734375 0.12734375 0.14453125
0 0.65625 0.32421875 0.146875 0.13671875
0 0.50625 0.30546875 0.15390625 0.16796875
0 0.26171875 0.33984375 0.15390625 0.18046875
0 0.3640625 0.38671875 0.18046875 0.178125
0 0.26171875 0.50390625 0.13671875 0.15859375
0 0.3609375 0.49296875 0.0765625 0.0984375
0 0.51171875 0.4125 0.1609375 0.1390625
0 0.23203125 0.78515625 0.1734375 0.16796875
0 0.4046875 0.7921875 0.17578125 0.1875
0 0.49296875 0.68984375 0.17578125 0.18046875
0 0.615625 0.7515625 0.14453125 0.17578125
0 0.71171875 0.6390625 0.15625 0.165625
0 0.865625 0.4953125 0.103125 0.115625
0 0.82578125 0.68046875 0.10078125 0.11796875
0 0.7921875 0.7515625 0.1203125 0.14921875
0 0.3078125 0.9046875 0.11796875 0.14453125
0 0.70546875 0.84765625 0.15625 0.18046875
0 0.90234375 0.82109375 0.1609375 0.16328125
0 0.7984375 0.91171875 0.153125 0.1765625
0 0.4671875 0.89921875 0.15625 0.18515625