0 0.85 0.16796875 0.1609375 0.18046875
0 0.58671875 0.1078125 0.1296875 0.1421875
0 0.6390625 0.20546875 0.1203125 0.12734375
0 0.915625 0.27734375 0.15625 0.178125
0 0.8609375 0.43359375 0.1703125 0.1421875
0 0.6390625 0.33671875 0.10078125 0.115625
0 0.65 0.459375 0.115625 0.134375
0 0.9046875 0.55546875 0.17578125 0.18515625
0 0.23046875 0.146875 0.1515625 0.134375
0 0.3578125 0.21171875 0.1078125 0.09609375
0 0.44375 0.2984375 0.12734375 0.13203125
1 0.23203125 0.26328125 0.0765625 0.0796875
0 0.3265625 0.3421875 0.125 0.13203125
0 0.43046875 0.42578125 0.13671875 0.13671875
0 0.4359375 0.56875 0.1421875 0.165625
0 0.3078125 0.46484375 0.11796875 0.12734375
1 0.32578125 0.59609375 0.12265625 0.09609375
0 0.36796875 0.68984375 0.13671875 0.1296875
0 0.446875 0.78515625 0.16328125 0.1734375
0 0.525 0.8890625 0.16796875 0.17578125
0 0.353125 0.8734375 0.0984375 0.1078125
1 0.29296875 0.80078125 0.1515625 0.16796875
0 0.2484375 0.7015625 0.08203125 0.09375
0 0.19375 0.64453125 0.1203125 0.1296875
0 0.2359375 0.921875 0.17578125 0.15625
0 0.75 0.69921875 0.1421875 0.146875
0 0.7703125 0.83671875 0.115625 0.1390625
0 0.87890625 0.76171875 0.1609375 0.16328125
0 0.78984375 0.9390625 0.14453125 0.1203125
0 0.9171875 0.86796875 0.165625 0.1828125
0 0.1109375 0.42421875 0.1296875 0.1421875
0 0.13359375 0.53515625 0.14453125 0.15625
0 0.13203125 0.7046875 0.14921875 0.1296875
0 0.1546875 0.81875 0.125 0.146875
0 0.0796875 0.90625 0.15625 0.178125