0 0.1390625 0.1390625 0.1421875 0.134375
0 0.20078125 0.20703125 0.1203125 0.14921875
0 0.3015625 0.103125 0.12734375 0.14921875
0 0.365625 0.2015625 0.1078125 0.103125
0 0.50234375 0.05859375 0.1078125 0.09609375
1 0.634375 0.053125 0.13203125 0.10546875
0 0.49609375 0.16328125 0.11796875 0.115625
0 0.634375 0.15 0.125 0.1390625
0 0.82109375 0.1390625 0.1875 0.1875
0 0.9078125 0.24609375 0.13203125 0.11328125
0 0.63359375 0.25234375 0.14921875 0.13203125
0 0.49140625 0.2609375 0.11796875 0.125
0 0.4671875 0.3640625 0.1078125 0.1390625
0 0.6109375 0.38359375 0.1078125 0.1390625
0 0.7234375 0.39453125 0.15390625 0.18984375
1 0.8234375 0.296875 0.13203125 0.115625
0 0.86171875 0.42890625 0.1515625 0.1421875
1 0.9078125 0.5375 0.15625 0.15625
1 0.80546875 0.59375 0.18046875 0.1734375
1 0.87890625 0.82109375 0.18515625 0.178125
1 0.58671875 0.85703125 0.196875 0.19453125
1 0.74765625 0.90234375 0.18515625 0.16796875
0 0.4828125 0.91484375 0.16328125 0.1703125
1 0.39921875 0.4640625 0.1109375 0.115625
0 0.26328125 0.5296875 0.18984375 0.2046875
0 0.1671875 0.41015625 0.18046875 0.1734375
0 0.08203125 0.3140625 0.1609375 0.16328125
0 0.0609375 0.55546875 0.121875 0.1203125
0 0.16328125 0.640625 0.18984375 0.2140625