0 0.15859375 0.06875 0.12265625 0.13203125
0 0.078125 0.1546875 0.15625 0.16796875
1 0.06640625 0.2953125 0.125 0.12265625
0 0.14765625 0.2515625 0.13203125 0.1203125
0 0.23671875 0.1734375 0.18046875 0.1703125
0 0.353125 0.11640625 0.1078125 0.103125
0 0.525 0.13203125 0.1703125 0.17578125
0 0.41484375 0.2203125 0.1203125 0.11796875
0 0.30546875 0.271875 0.13671875 0.14453125
0 0.19375 0.35 0.14921875 0.15390625
0 0.09765625 0.41953125 0.1609375 0.15625
0 0.1453125 0.53828125 0.15859375 0.15625
0 0.23828125 0.484375 0.125 0.1296875
0 0.328125 0.4265625 0.09140625 0.103125
0 0.46171875 0.353125 0.16796875 0.1609375
0 0.6046875 0.29921875 0.146875 0.13671875
0 0.1984375 0.64921875 0.125 0.1203125
0 0.30625 0.58203125 0.13203125 0.134375
0 0.40625 0.52890625 0.1109375 0.12734375
0 0.51328125 0.478125 0.1390625 0.15859375
0 0.6234375 0.4078125 0.103125 0.11796875
0 0.7359375 0.4046875 0.14453125 0.18046875
0 0.7765625 0.0875 0.134375 0.14453125
0 0.7875 0.19375 0.15390625 0.16328125
0 0.8109375 0.3328125 0.146875 0.1609375
0 0.91015625 0.42578125 0.125 0.1390625
0 0.7796875 0.48828125 0.14453125 0.15625
0 0.61875 0.5046875 0.14453125 0.14453125
0 0.4515625 0.62109375 0.08671875 0.09375
0 0.359375 0.69375 0.12734375 0.1421875
0 0.23828125 0.759375 0.134375 0.125
0 0.11796875 0.81953125 0.18515625 0.16796875
0 0.90390625 0.5765625 0.1296875 0.14453125
0 0.671875 0.5984375 0.13671875 0.13203125
0 0.7875 0.60078125 0.15390625 0.1421875
0 0.6140625 0.671875 0.1703125 0.17578125
0 0.72734375 0.7359375 0.14921875 0.1609375
0 0.85703125 0.74296875 0.165625 0.15390625
0 0.91015625 0.83984375 0.1421875 0.14921875
0 0.76171875 0.8375 0.14453125 0.15859375
0 0.5296875 0.7359375 0.15390625 0.1609375
0 0.58671875 0.85078125 0.1703125 0.15390625
0 0.634375 0.92890625 0.15390625 0.1421875
0 0.4109375 0.80859375 0.12265625 0.12734375
0 0.28359375 0.88359375 0.1609375 0.178125