0 0.1734375 0.11875 0.14921875 0.18984375
0 0.25625 0.2203125 0.14921875 0.15390625
0 0.35703125 0.134375 0.134375 0.12734375
0 0.459375 0.2125 0.18046875 0.18515625
0 0.34375 0.31484375 0.19453125 0.21171875
0 0.15390625 0.36171875 0.15859375 0.196875
0 0.26953125 0.421875 0.2046875 0.2046875
0 0.16484375 0.5171875 0.14921875 0.1703125
0 0.30625 0.58515625 0.15859375 0.16328125
0 0.42578125 0.509375 0.165625 0.18515625
0 0.39921875 0.7046875 0.165625 0.15625
0 0.5171875 0.63125 0.16328125 0.17578125
0 0.44140625 0.80546875 0.1734375 0.18984375
0 0.53984375 0.88359375 0.17578125 0.1609375
0 0.646875 0.8453125 0.1421875 0.13671875
0 0.50625 0.3234375 0.15625 0.18984375
0 0.5484375 0.0921875 0.1296875 0.165625
0 0.63359375 0.196875 0.165625 0.1828125
0 0.73046875 0.09765625 0.1828125 0.1921875
0 0.9078125 0.1921875 0.14453125 0.146875
0 0.80546875 0.2765625 0.18984375 0.15859375
0 0.5796875 0.44609375 0.17578125 0.1609375
0 0.63359375 0.55859375 0.13203125 0.14921875
0 0.70546875 0.6546875 0.15859375 0.19921875
0 0.68359375 0.3703125 0.178125 0.17578125
0 0.7484375 0.4796875 0.1421875 0.15390625
0 0.87109375 0.40625 0.14453125 0.18984375
0 0.8296875 0.5734375 0.14453125 0.1703125
0 0.8765625 0.69921875 0.18046875 0.165625
0 0.59765625 0.72109375 0.14453125 0.1515625
0 0.771875 0.7921875 0.178125 0.2046875
0 0.83671875 0.89453125 0.165625 0.1390625