0 0.13125 0.06875 0.14921875 0.134375
0 0.18125 0.15 0.12734375 0.12265625
0 0.16484375 0.25234375 0.16328125 0.1609375
0 0.16015625 0.41484375 0.1734375 0.20703125
0 0.30859375 0.28125 0.1609375 0.196875
0 0.296875 0.14921875 0.14453125 0.13671875
0 0.44921875 0.15859375 0.15859375 0.178125
0 0.3015625 0.46640625 0.19453125 0.19453125
0 0.55625 0.24609375 0.16796875 0.18046875
0 0.43125 0.3296875 0.1390625 0.1828125
0 0.415625 0.509375 0.17578125 0.209375
0 0.53515625 0.4171875 0.15625 0.178125
0 0.646875 0.3078125 0.1421875 0.1390625
0 0.7296875 0.3890625 0.178125 0.2046875
0 0.6421875 0.521875 0.209375 0.2046875
0 0.62890625 0.6875 0.2234375 0.2015625
0 0.7640625 0.6046875 0.16328125 0.2359375
0 0.8921875 0.6234375 0.1390625 0.17578125
0 0.85703125 0.475 0.15859375 0.1734375
0 0.8890625 0.77421875 0.146875 0.16328125
0 0.75625 0.76953125 0.08203125 0.09609375
0 0.1734375 0.6234375 0.165625 0.19453125
0 0.275 0.69609375 0.15390625 0.21171875
0 0.37734375 0.77734375 0.18515625 0.2328125
0 0.5140625 0.8375 0.17578125 0.22578125
0 0.6390625 0.8703125 0.16796875 0.2140625
0 0.7671875 0.9046875 0.16328125 0.18984375
0 0.140625 0.8109375 0.165625 0.1703125