0 0.171875 0.1234375 0.13671875 0.165625
0 0.0921875 0.2296875 0.1296875 0.15390625
0 0.30859375 0.13125 0.15390625 0.1828125
0 0.4546875 0.1609375 0.1734375 0.14921875
0 0.64453125 0.1078125 0.146875 0.1828125
0 0.75234375 0.15859375 0.1421875 0.15859375
0 0.178125 0.4125 0.16328125 0.1421875
0 0.3140625 0.365625 0.13671875 0.15625
0 0.415625 0.365625 0.115625 0.15859375
0 0.553125 0.36796875 0.15859375 0.2015625
0 0.86875 0.428125 0.19921875 0.2234375
0 0.64921875 0.37109375 0.10546875 0.18046875
0 0.74609375 0.3890625 0.1078125 0.15390625
0 0.77421875 0.509375 0.1421875 0.12734375
0 0.80859375 0.5875 0.13671875 0.14921875
0 0.87109375 0.678125 0.1515625 0.228125
0 0.6140625 0.56015625 0.17578125 0.196875
0 0.696875 0.6625 0.165625 0.165625
0 0.18359375 0.5421875 0.1609375 0.16796875
0 0.18359375 0.6421875 0.16796875 0.14453125
0 0.1890625 0.7484375 0.18046875 0.14921875
0 0.1859375 0.8421875 0.17578125 0.15390625
0 0.27890625 0.59140625 0.14921875 0.1109375
0 0.3265625 0.73203125 0.146875 0.15859375
0 0.32109375 0.86875 0.18515625 0.1296875
0 0.396875 0.5796875 0.115625 0.1421875
0 0.43125 0.70078125 0.13671875 0.15390625
0 0.49609375 0.5640625 0.12265625 0.16328125
0 0.553125 0.68359375 0.13671875 0.18984375
0 0.50859375 0.803125 0.18984375 0.15625
0 0.50625 0.896875 0.1703125 0.11796875
0 0.65625 0.7953125 0.1703125 0.1828125
0 0.73828125 0.84375 0.1703125 0.16328125
0 0.8578125 0.853125 0.12734375 0.146875
0 0.93984375 0.8578125 0.1203125 0.1921875