0 0.2125 0.11796875 0.15859375 0.165625
0 0.1359375 0.20078125 0.125 0.14921875
0 0.21484375 0.32421875 0.1515625 0.146875
0 0.1265625 0.45703125 0.14453125 0.178125
0 0.25 0.47109375 0.1296875 0.1609375
0 0.3765625 0.4671875 0.14921875 0.165625
0 0.29296875 0.2328125 0.134375 0.14453125
0 0.3109375 0.0671875 0.0765625 0.08203125
0 0.36796875 0.1390625 0.14453125 0.14921875
0 0.49375 0.15625 0.13203125 0.134375
0 0.42890625 0.2546875 0.134375 0.125
0 0.56640625 0.2640625 0.14453125 0.1734375
0 0.4671875 0.35078125 0.125 0.1421875
0 0.5375 0.475 0.1609375 0.14921875
0 0.8265625 0.06015625 0.1078125 0.103125
0 0.696875 0.28828125 0.1296875 0.1703125
0 0.82109375 0.31484375 0.12265625 0.1515625
0 0.63359375 0.3734375 0.1609375 0.1421875
0 0.67890625 0.49765625 0.1421875 0.125
0 0.75234375 0.4125 0.134375 0.16796875
0 0.8734375 0.42890625 0.134375 0.13671875
0 0.80546875 0.521875 0.09375 0.134375
0 0.90859375 0.5375 0.1296875 0.13203125
0 0.6984375 0.6109375 0.13671875 0.14453125
0 0.609375 0.5828125 0.10546875 0.12734375
0 0.9234375 0.62734375 0.06484375 0.08671875
0 0.478125 0.59609375 0.07421875 0.084375
0 0.5375 0.7671875 0.1390625 0.1828125
0 0.62265625 0.75625 0.0984375 0.13203125
0 0.66796875 0.8421875 0.17578125 0.1828125
0 0.81875 0.834375 0.146875 0.15390625
0 0.37109375 0.7546875 0.1703125 0.16796875
0 0.36171875 0.896875 0.1734375 0.16796875
0 0.2046875 0.9 0.09609375 0.125
0 0.27265625 0.90234375 0.10078125 0.103125
0 0.21171875 0.77890625 0.14921875 0.146875