0 0.10234375 0.1265625 0.1296875 0.14453125
0 0.25390625 0.15234375 0.17578125 0.18984375
0 0.68984375 0.10234375 0.12265625 0.13203125
0 0.58515625 0.196875 0.15625 0.15859375
0 0.74375 0.19921875 0.1609375 0.18046875
0 0.1734375 0.3734375 0.14453125 0.1828125
0 0.2984375 0.390625 0.1609375 0.1921875
0 0.44140625 0.39921875 0.14453125 0.18046875
0 0.57109375 0.37109375 0.14453125 0.1875
0 0.6921875 0.36875 0.17578125 0.20703125
0 0.81015625 0.428125 0.1875 0.228125
0 0.1703125 0.62890625 0.15859375 0.1921875
0 0.32109375 0.62734375 0.1703125 0.2015625
0 0.4671875 0.603125 0.1390625 0.1828125
0 0.6109375 0.578125 0.1734375 0.2015625
0 0.74609375 0.6703125 0.146875 0.18515625
0 0.8578125 0.75390625 0.16328125 0.1828125
0 0.12890625 0.76796875 0.125 0.14453125
0 0.26171875 0.7796875 0.16796875 0.14453125
0 0.40234375 0.7640625 0.1078125 0.13203125
0 0.51171875 0.803125 0.1390625 0.1828125
0 0.625 0.87890625 0.1421875 0.16328125
0 0.1234375 0.915625 0.15390625 0.16328125
0 0.259375 0.896875 0.165625 0.15625
0 0.40234375 0.90234375 0.165625 0.165625
0 0.77421875 0.90390625 0.1515625 0.1921875