0 0.4125 0.0921875 0.16796875 0.1828125
0 0.56015625 0.08984375 0.15390625 0.165625
0 0.30078125 0.240625 0.196875 0.1921875
0 0.4734375 0.24296875 0.16796875 0.2015625
0 0.61796875 0.234375 0.15625 0.1703125
0 0.59375 0.38671875 0.1609375 0.17578125
0 0.17578125 0.50625 0.1734375 0.20703125
0 0.28125 0.58984375 0.1515625 0.2046875
0 0.390625 0.646875 0.1828125 0.178125
0 0.5140625 0.5921875 0.1515625 0.1875
0 0.62265625 0.62109375 0.11328125 0.14921875
0 0.0984375 0.759375 0.14921875 0.17578125
0 0.2015625 0.803125 0.12734375 0.18046875
0 0.2609375 0.89921875 0.14921875 0.1734375
0 0.34375 0.7703125 0.1734375 0.16796875
0 0.46875 0.7921875 0.18046875 0.19453125
0 0.603125 0.74609375 0.12734375 0.1421875
0 0.578125 0.865625 0.115625 0.1828125
0 0.77890625 0.12890625 0.1734375 0.2046875
0 0.8375 0.2171875 0.14453125 0.18046875
0 0.77265625 0.3125 0.1296875 0.125
0 0.93046875 0.321875 0.12734375 0.146875
0 0.921875 0.0640625 0.11796875 0.12734375
0 0.7921875 0.428125 0.10546875 0.125
0 0.93828125 0.44609375 0.1234375 0.1296875
0 0.89921875 0.6 0.16796875 0.165625
0 0.77734375 0.740625 0.134375 0.1609375
0 0.8890625 0.728125 0.115625 0.12265625
0 0.8890625 0.8578125 0.11796875 0.13203125
0 0.38828125 0.91484375 0.178125 0.1703125