0 0.19375 0.1078125 0.2015625 0.196875
0 0.11796875 0.228125 0.18515625 0.18984375
0 0.4125 0.0875 0.178125 0.16328125
0 0.5640625 0.0875 0.146875 0.175
0 0.3609375 0.23203125 0.1734375 0.1875
0 0.27265625 0.3265625 0.165625 0.18515625
0 0.5015625 0.22265625 0.14921875 0.15390625
0 0.6359375 0.2171875 0.1515625 0.196875
0 0.7984375 0.2046875 0.15390625 0.1875
0 0.7328125 0.3328125 0.178125 0.1921875
0 0.43515625 0.33984375 0.14921875 0.1734375
0 0.509375 0.51328125 0.1703125 0.1828125
0 0.21875 0.540625 0.10546875 0.115625
0 0.1 0.53984375 0.18515625 0.18984375
0 0.2125 0.68984375 0.11328125 0.134375
0 0.1078125 0.8328125 0.1875 0.1703125
1 0.2484375 0.821875 0.12734375 0.1515625
0 0.38671875 0.8125 0.14921875 0.1828125
0 0.44921875 0.66484375 0.15625 0.1609375
0 0.58984375 0.63671875 0.125 0.165625
0 0.734375 0.62890625 0.146875 0.1921875
0 0.884375 0.61796875 0.146875 0.165625
0 0.5328125 0.8015625 0.15859375 0.178125
0 0.68515625 0.77734375 0.1421875 0.15390625
0 0.6625 0.87734375 0.1734375 0.16796875
0 0.821875 0.759375 0.15625 0.1390625
0 0.80078125 0.87109375 0.178125 0.17578125