0 0.571875 0.56875 0.1421875 0.15625
0 0.91796875 0.3078125 0.15625 0.15859375
0 0.1890625 0.07578125 0.11796875 0.125
0 0.328125 0.08203125 0.11796875 0.146875
0 0.475 0.08203125 0.146875 0.16328125
0 0.61796875 0.07578125 0.146875 0.1515625
0 0.7640625 0.06640625 0.103125 0.13203125
0 0.13671875 0.18359375 0.14921875 0.18515625
0 0.25859375 0.2046875 0.125 0.16328125
0 0.39921875 0.20078125 0.14921875 0.16796875
0 0.5453125 0.196875 0.1390625 0.15390625
0 0.6765625 0.19140625 0.134375 0.165625
0 0.83515625 0.19375 0.15625 0.15625
0 0.771875 0.3171875 0.11328125 0.1296875
0 0.62890625 0.334375 0.13203125 0.1390625
0 0.48671875 0.3296875 0.1296875 0.134375
0 0.34140625 0.3390625 0.134375 0.13671875
0 0.19453125 0.33984375 0.165625 0.146875
0 0.12265625 0.4734375 0.16328125 0.1703125
0 0.20703125 0.72734375 0.146875 0.17578125
0 0.27890625 0.8421875 0.1296875 0.146875
0 0.40234375 0.81640625 0.12265625 0.11796875
0 0.81875 0.9234375 0.134375 0.1390625
1 0.41796875 0.44921875 0.08203125 0.08671875
0 0.39921875 0.58203125 0.08671875 0.09375
0 0.671875 0.9359375 0.13671875 0.12734375
0 0.49921875 0.94453125 0.12109375 0.1109375