0 0.18515625 0.1390625 0.178125 0.17578125
0 0.25859375 0.228125 0.15859375 0.16796875
0 0.3265625 0.3546875 0.1828125 0.15390625
0 0.36640625 0.490625 0.15546875 0.14921875
0 0.3796875 0.63359375 0.13671875 0.134375
0 0.13671875 0.31015625 0.165625 0.16328125
0 0.203125 0.41796875 0.1921875 0.1734375
0 0.103125 0.5140625 0.1515625 0.1515625
0 0.265625 0.5359375 0.1703125 0.1515625
0 0.15390625 0.6546875 0.1390625 0.1296875
0 0.2765625 0.66484375 0.14453125 0.14921875
0 0.11171875 0.7859375 0.12734375 0.146875
0 0.17421875 0.90703125 0.1703125 0.1859375
0 0.23046875 0.78359375 0.16328125 0.1515625
0 0.353125 0.7546875 0.134375 0.146875
0 0.2953125 0.88203125 0.15390625 0.1296875
0 0.46640625 0.8421875 0.1734375 0.146875
0 0.5046875 0.7390625 0.19921875 0.14921875
0 0.55546875 0.603125 0.2046875 0.16796875
0 0.53359375 0.1421875 0.190625 0.14453125
0 0.540625 0.259375 0.1515625 0.1296875
0 0.54296875 0.36875 0.16328125 0.12421875
0 0.65 0.43359375 0.1828125 0.146875
0 0.6625 0.53125 0.17578125 0.15625
0 0.66015625 0.68515625 0.1703125 0.178125
0 0.77421875 0.609375 0.103125 0.12734375
0 0.696875 0.31875 0.1828125 0.15625
0 0.7453125 0.2140625 0.19453125 0.146875
0 0.8296875 0.12109375 0.1609375 0.165625
0 0.865625 0.4 0.17265625 0.15390625
0 0.81640625 0.4828125 0.1703125 0.1421875
0 0.9109375 0.6890625 0.1734375 0.1734375
0 0.709375 0.84609375 0.1609375 0.1875
0 0.80546875 0.86640625 0.12265625 0.16328125
1 0.52109375 0.484375 0.06640625 0.07734375