0 0.80859375 0.0828125 0.13671875 0.14453125
0 0.8578125 0.18984375 0.12265625 0.13671875
0 0.74765625 0.11796875 0.15390625 0.15625
0 0.75234375 0.240625 0.14453125 0.1390625
0 0.64453125 0.17421875 0.146875 0.15390625
0 0.5296875 0.134375 0.1421875 0.15625
0 0.41953125 0.0765625 0.1265625 0.153125
0 0.290625 0.11640625 0.1421875 0.15390625
0 0.396875 0.1875 0.15390625 0.15859375
0 0.515625 0.25859375 0.15859375 0.13203125
0 0.64296875 0.30546875 0.16328125 0.15859375
0 0.7640625 0.3703125 0.11328125 0.16328125
0 0.884375 0.2875 0.1609375 0.15859375
0 0.15390625 0.1421875 0.146875 0.16328125
0 0.2546875 0.2390625 0.1390625 0.1421875
0 0.15234375 0.35234375 0.14453125 0.1734375
0 0.33671875 0.30546875 0.13671875 0.165625
0 0.2359375 0.4109375 0.1390625 0.17578125
0 0.3375 0.4359375 0.12265625 0.15859375
0 0.46640625 0.3734375 0.13671875 0.12265625
0 0.6046875 0.4203125 0.15859375 0.146875
0 0.7171875 0.4484375 0.146875 0.12734375
0 0.85 0.48828125 0.13671875 0.1421875
0 0.8921875 0.384375 0.13671875 0.103125
0 0.08984375 0.48828125 0.1515625 0.1734375
0 0.203125 0.53984375 0.15625 0.17578125
0 0.3125 0.603125 0.18984375 0.20703125
0 0.43359375 0.6515625 0.16328125 0.196875
0 0.4390625 0.490625 0.15390625 0.15390625
0 0.56640625 0.5453125 0.16328125 0.165625
0 0.69375 0.56484375 0.134375 0.165625
0 0.81875 0.578125 0.15390625 0.1421875
0 0.92890625 0.58515625 0.1421875 0.17578125
0 0.553125 0.7046875 0.15390625 0.18515625
0 0.696875 0.72734375 0.15859375 0.178125
0 0.821875 0.73828125 0.15390625 0.19453125
0 0.93828125 0.75234375 0.1234375 0.1703125
0 0.4640625 0.83203125 0.1703125 0.1703125
0 0.6078125 0.8703125 0.1515625 0.18515625
0 0.7140625 0.85 0.11328125 0.146875
0 0.8546875 0.884375 0.1609375 0.19453125
0 0.2328125 0.72265625 0.15625 0.15390625
0 0.12890625 0.665625 0.18515625 0.16796875