0 0.84375 0.1890625 0.15859375 0.16328125
0 0.1140625 0.071875 0.134375 0.14375
0 0.2390625 0.08203125 0.13671875 0.14921875
0 0.35078125 0.14765625 0.13203125 0.15390625
0 0.46484375 0.21640625 0.134375 0.15859375
0 0.5609375 0.271875 0.13203125 0.17578125
0 0.68359375 0.30390625 0.1421875 0.15390625
0 0.8140625 0.3171875 0.14921875 0.165625
0 0.92421875 0.36328125 0.1515625 0.165625
0 0.103125 0.2015625 0.12734375 0.15625
0 0.22265625 0.22734375 0.146875 0.1875
0 0.31875 0.30546875 0.115625 0.1609375
0 0.41796875 0.36796875 0.15859375 0.1734375
0 0.5296875 0.41015625 0.1421875 0.1703125
0 0.640625 0.42578125 0.1421875 0.15859375
0 0.7640625 0.46015625 0.165625 0.1515625
0 0.87890625 0.50625 0.1421875 0.16328125
0 0.5828125 0.5359375 0.1734375 0.15390625
0 0.72265625 0.5625 0.14921875 0.1390625
0 0.80625 0.6453125 0.1734375 0.14453125
0 0.91953125 0.728125 0.14921875 0.178125
0 0.1265625 0.3484375 0.1390625 0.1609375
0 0.23671875 0.4171875 0.115625 0.1609375
0 0.34140625 0.47734375 0.14453125 0.146875
0 0.3921875 0.5640625 0.18046875 0.1296875
0 0.50234375 0.62890625 0.1296875 0.1109375
0 0.61328125 0.6578125 0.13671875 0.165625
0 0.73046875 0.74140625 0.165625 0.1296875
0 0.85 0.8109375 0.1390625 0.125
0 0.91796875 0.896875 0.12734375 0.11328125
0 0.08203125 0.54296875 0.14921875 0.15390625
0 0.196875 0.60234375 0.1734375 0.1734375
0 0.30625 0.65 0.12265625 0.15390625
0 0.4046875 0.709375 0.146875 0.1609375
0 0.5328125 0.77421875 0.1828125 0.1921875
0 0.66328125 0.834375 0.1703125 0.165625
0 0.775 0.8765625 0.12734375 0.12734375
0 0.49609375 0.94609375 0.12265625 0.1078125
0 0.1671875 0.71484375 0.1421875 0.1296875
0 0.2953125 0.771875 0.1734375 0.14453125
0 0.37109375 0.859375 0.146875 0.15390625
0 0.27734375 0.8734375 0.12265625 0.12734375
0 0.14921875 0.8265625 0.15859375 0.165625
0 0.1890625 0.93046875 0.146875 0.1390625
0 0.5875 0.134375 0.09140625 0.08671875
1 0.47265625 0.48046875 0.07421875 0.08203125