0 0.1984375 0.07421875 0.1421875 0.1296875
0 0.34609375 0.146875 0.1703125 0.1296875
0 0.5671875 0.21484375 0.228125 0.19453125
0 0.63359375 0.11328125 0.165625 0.13203125
0 0.74375 0.15 0.15390625 0.165625
0 0.8609375 0.234375 0.18984375 0.18984375
0 0.696875 0.26953125 0.1515625 0.165625
0 0.62890625 0.3453125 0.165625 0.134375
0 0.77421875 0.3390625 0.15390625 0.1421875
0 0.7140625 0.4109375 0.1421875 0.125
0 0.8171875 0.7921875 0.20703125 0.20703125
0 0.06875 0.2359375 0.13671875 0.1828125
0 0.19375 0.33046875 0.1734375 0.18984375
0 0.36328125 0.38359375 0.19453125 0.18515625
0 0.15390625 0.4515625 0.16328125 0.16328125
0 0.3015625 0.49609375 0.13671875 0.14453125
0 0.43359375 0.53125 0.1390625 0.1734375
0 0.10546875 0.57109375 0.1703125 0.16328125
0 0.2671875 0.625 0.18515625 0.17578125
0 0.40234375 0.70078125 0.12734375 0.1609375
0 0.32109375 0.77421875 0.165625 0.1609375
0 0.18046875 0.71484375 0.1734375 0.15625
0 0.146875 0.8375 0.1296875 0.17578125
0 0.24296875 0.865625 0.14453125 0.165625
0 0.3765625 0.89453125 0.15390625 0.17578125