0 0.115625 0.2140625 0.1875 0.18984375
0 0.2046875 0.09140625 0.178125 0.18046875
0 0.896875 0.13671875 0.1515625 0.146875
0 0.71171875 0.13828125 0.17578125 0.15390625
0 0.77265625 0.25703125 0.125 0.1390625
0 0.83671875 0.3296875 0.16796875 0.19453125
0 0.60078125 0.084375 0.19453125 0.16796875
0 0.4078125 0.0625 0.146875 0.125
0 0.49140625 0.1875 0.21171875 0.20703125
0 0.6 0.2546875 0.2046875 0.15625
0 0.68046875 0.3609375 0.14453125 0.13203125
0 0.74296875 0.4578125 0.17578125 0.18515625
0 0.8171875 0.55625 0.13203125 0.1296875
0 0.30546875 0.1921875 0.178125 0.1921875
0 0.21640625 0.2953125 0.134375 0.13203125
0 0.115625 0.39765625 0.1828125 0.18515625
0 0.4046875 0.29296875 0.165625 0.178125
0 0.290625 0.39296875 0.18515625 0.1828125
0 0.1875 0.4703125 0.1609375 0.1515625
0 0.10546875 0.58515625 0.18984375 0.165625
0 0.478125 0.38359375 0.1828125 0.178125
0 0.38671875 0.48203125 0.209375 0.1875
0 0.28125 0.57421875 0.18046875 0.16796875
0 0.171875 0.69609375 0.1828125 0.1734375
0 0.578125 0.4734375 0.16796875 0.2046875
0 0.478125 0.56953125 0.2046875 0.165625
0 0.38359375 0.6875 0.20703125 0.196875
0 0.26171875 0.79921875 0.1875 0.1828125
0 0.165625 0.87890625 0.15625 0.19453125
0 0.35 0.8890625 0.15625 0.1421875
0 0.4546875 0.79296875 0.1515625 0.1734375
0 0.55078125 0.6765625 0.1921875 0.18984375
0 0.66015625 0.5640625 0.15390625 0.14453125
0 0.725 0.63125 0.1421875 0.14921875
0 0.634375 0.75 0.1703125 0.1421875
0 0.5484375 0.85078125 0.13203125 0.165625
0 0.725 0.85 0.17578125 0.20703125
0 0.81875 0.74765625 0.2140625 0.2359375