0 0.1765625 0.2171875 0.1828125 0.2015625
0 0.1234375 0.396875 0.18046875 0.196875
0 0.240625 0.303125 0.165625 0.16796875
1 0.35546875 0.23203125 0.165625 0.196875
0 0.28828125 0.4359375 0.18046875 0.18046875
0 0.19140625 0.51796875 0.1609375 0.13203125
0 0.12109375 0.6984375 0.178125 0.1703125
0 0.20546875 0.7953125 0.15859375 0.196875
0 0.0796875 0.89453125 0.15859375 0.1421875
0 0.384375 0.53359375 0.1734375 0.1828125
0 0.4421875 0.35 0.1734375 0.19453125
0 0.49140625 0.1546875 0.1515625 0.178125
0 0.5890625 0.1 0.2046875 0.1921875
0 0.5765625 0.26328125 0.196875 0.1921875
1 0.525 0.4703125 0.1921875 0.18046875
0 0.6 0.56953125 0.1609375 0.15390625
0 0.46640625 0.646875 0.1921875 0.196875
0 0.3328125 0.72734375 0.1875 0.18984375
0 0.40234375 0.82421875 0.1734375 0.1609375
0 0.27890625 0.91015625 0.15859375 0.1734375
0 0.4625 0.9125 0.13671875 0.15859375
0 0.57421875 0.803125 0.15390625 0.1421875
0 0.75234375 0.81640625 0.1921875 0.16328125
0 0.70703125 0.70078125 0.1421875 0.13671875
0 0.865625 0.72265625 0.1703125 0.1609375
0 0.834375 0.6 0.1515625 0.1421875
0 0.940625 0.50234375 0.11875 0.1390625
0 0.6703125 0.38125 0.1390625 0.14453125
0 0.7515625 0.30546875 0.146875 0.16796875
0 0.853125 0.24296875 0.1734375 0.1875
0 0.75625 0.15234375 0.1515625 0.18984375
0 0.884375 0.396875 0.14921875 0.1421875