0 0.24140625 0.07109375 0.1703125 0.1421875
0 0.25390625 0.18125 0.1921875 0.15859375
0 0.146875 0.415625 0.16796875 0.1828125
0 0.2703125 0.3140625 0.1828125 0.146875
0 0.3921875 0.24375 0.1703125 0.1828125
0 0.29296875 0.44140625 0.16796875 0.20703125
0 0.19921875 0.5328125 0.1421875 0.134375
0 0.1609375 0.6625 0.15625 0.1734375
0 0.165625 0.821875 0.16328125 0.1703125
0 0.28984375 0.90703125 0.1609375 0.1859375
0 0.2875 0.7390625 0.146875 0.15859375
0 0.3265625 0.6109375 0.18515625 0.18046875
0 0.4203125 0.5375 0.16796875 0.1703125
0 0.43359375 0.4046875 0.14453125 0.1515625
0 0.38671875 0.078125 0.1390625 0.15625
0 0.51171875 0.16953125 0.1921875 0.21875
0 0.5171875 0.3265625 0.1390625 0.12734375
0 0.5375 0.47265625 0.13203125 0.16328125
0 0.603125 0.2515625 0.12265625 0.12734375
0 0.67421875 0.2125 0.09140625 0.11796875
0 0.63671875 0.08671875 0.16328125 0.1734375
0 0.76953125 0.1453125 0.14921875 0.1390625
0 0.66484375 0.384375 0.17578125 0.18984375
0 0.7640625 0.2953125 0.1390625 0.1609375
0 0.79296875 0.45078125 0.19453125 0.1921875
0 0.66484375 0.51953125 0.1203125 0.134375
0 0.546875 0.61875 0.14453125 0.13671875
0 0.41015625 0.7828125 0.1515625 0.1734375
0 0.521875 0.7015625 0.115625 0.1421875
0 0.52734375 0.84765625 0.1296875 0.165625
0 0.42578125 0.925 0.1359375 0.15
0 0.65 0.8953125 0.15390625 0.1609375
0 0.6453125 0.7828125 0.146875 0.1078125
0 0.65859375 0.6578125 0.14453125 0.1734375
0 0.81640625 0.6109375 0.1703125 0.20703125
0 0.7796875 0.803125 0.13203125 0.146875
0 0.8890625 0.81875 0.14453125 0.15390625
0 0.91015625 0.3765625 0.1703125 0.18046875
0 0.90625 0.2203125 0.14453125 0.16328125