0 0.24140625 0.1609375 0.165625 0.1828125
0 0.415625 0.178125 0.165625 0.18984375
0 0.13671875 0.2875 0.16796875 0.18046875
0 0.21171875 0.38359375 0.178125 0.165625
0 0.11875 0.4953125 0.12734375 0.13671875
0 0.115625 0.66015625 0.146875 0.165625
0 0.2828125 0.5015625 0.21640625 0.19453125
0 0.31875 0.27734375 0.178125 0.18046875
0 0.40234375 0.3609375 0.1203125 0.134375
0 0.47734375 0.484375 0.18984375 0.15625
0 0.38125 0.625 0.1609375 0.1390625
0 0.265625 0.6828125 0.165625 0.1921875
0 0.60078125 0.17890625 0.2140625 0.17578125
0 0.81953125 0.171875 0.1109375 0.125
0 0.69140625 0.265625 0.19453125 0.19453125
0 0.57109375 0.36796875 0.2046875 0.15859375
0 0.6546875 0.484375 0.19453125 0.1734375
0 0.5640625 0.61328125 0.18984375 0.165625
0 0.43984375 0.70703125 0.134375 0.134375
0 0.15625 0.7875 0.1828125 0.1734375
0 0.071875 0.85078125 0.14375 0.1734375
0 0.2328125 0.8890625 0.196875 0.14453125
0 0.34765625 0.80390625 0.1828125 0.15859375
0 0.42890625 0.8890625 0.16796875 0.1703125
0 0.540625 0.76953125 0.16796875 0.1734375
0 0.6078125 0.88203125 0.1609375 0.15859375
0 0.7015625 0.75703125 0.15859375 0.15390625
0 0.634375 0.6734375 0.1296875 0.14921875
0 0.73671875 0.57578125 0.15625 0.15390625
0 0.76171875 0.36640625 0.16328125 0.165625
0 0.85 0.475 0.1734375 0.1515625
0 0.8734375 0.275 0.1875 0.1921875
0 0.790625 0.8765625 0.1421875 0.16796875