0 0.8921875 0.07109375 0.1515625 0.1421875
0 0.75859375 0.06015625 0.103125 0.1109375
0 0.9359375 0.1515625 0.12734375 0.115625
0 0.51328125 0.08046875 0.14921875 0.15625
0 0.64921875 0.13671875 0.14921875 0.1703125
0 0.7875 0.17890625 0.196875 0.1828125
0 0.16953125 0.071875 0.1578125 0.14375
0 0.28984375 0.14765625 0.1734375 0.18046875
0 0.43046875 0.17890625 0.13203125 0.1609375
0 0.5453125 0.2484375 0.165625 0.19453125
0 0.65859375 0.3109375 0.17578125 0.19453125
0 0.80078125 0.3546875 0.15859375 0.1828125
0 0.91328125 0.415625 0.1734375 0.20703125
0 0.2234375 0.271875 0.134375 0.1828125
0 0.34609375 0.32109375 0.18046875 0.19453125
0 0.4640625 0.396875 0.165625 0.15859375
0 0.7015625 0.515625 0.17578125 0.1921875
0 0.834375 0.5640625 0.16328125 0.2015625
0 0.15390625 0.41484375 0.1703125 0.17578125
0 0.28984375 0.47265625 0.15859375 0.1703125
0 0.39453125 0.55625 0.165625 0.17578125
0 0.5046875 0.6390625 0.1828125 0.18046875
0 0.65 0.6984375 0.15859375 0.2015625
0 0.771875 0.75390625 0.146875 0.1828125
0 0.90234375 0.8109375 0.16328125 0.17578125
0 0.14453125 0.58515625 0.15625 0.1875
0 0.25390625 0.65625 0.165625 0.1828125
0 0.34765625 0.7203125 0.15390625 0.17578125
0 0.4796875 0.7875 0.1609375 0.1703125
0 0.25 0.83515625 0.15859375 0.15859375
0 0.865625 0.93125 0.17578125 0.13671875