0 0.2671875 0.12890625 0.20703125 0.196875
0 0.3484375 0.25703125 0.1875 0.16796875
0 0.446875 0.1421875 0.19921875 0.1921875
0 0.5453125 0.21171875 0.16796875 0.13671875
0 0.43359375 0.3234375 0.1390625 0.14453125
0 0.584375 0.3390625 0.178125 0.178125
0 0.64453125 0.1140625 0.1734375 0.1734375
0 0.71484375 0.21640625 0.19453125 0.2015625
0 0.8265625 0.09609375 0.15625 0.18046875
0 0.909375 0.21953125 0.18125 0.2046875
0 0.0953125 0.47734375 0.1875 0.165625
0 0.125 0.61796875 0.15390625 0.1734375
0 0.25625 0.72734375 0.178125 0.19453125
0 0.1265625 0.7703125 0.1421875 0.15859375
0 0.43046875 0.640625 0.1390625 0.1828125
0 0.53828125 0.6546875 0.134375 0.18046875
0 0.53984375 0.78984375 0.1609375 0.18515625
0 0.6234375 0.8734375 0.1515625 0.1734375
0 0.6578125 0.74140625 0.14921875 0.16328125
0 0.67578125 0.6234375 0.1609375 0.14921875
0 0.7796875 0.69453125 0.1421875 0.1703125
0 0.86640625 0.64453125 0.11796875 0.16796875
0 0.75625 0.834375 0.1828125 0.1609375
0 0.85234375 0.9265625 0.1515625 0.11796875