0 0.13671875 0.1078125 0.1703125 0.16328125
0 0.24765625 0.13125 0.12265625 0.1515625
0 0.33984375 0.12734375 0.10078125 0.14453125
0 0.41796875 0.12109375 0.12265625 0.13671875
0 0.5375 0.1234375 0.13671875 0.1421875
0 0.64921875 0.11875 0.1296875 0.146875
0 0.74140625 0.16484375 0.165625 0.1828125
0 0.85 0.2125 0.1734375 0.21171875
0 0.1765625 0.25390625 0.1609375 0.165625
0 0.30546875 0.24296875 0.12734375 0.1296875
0 0.4328125 0.22265625 0.1390625 0.1109375
0 0.56640625 0.2328125 0.15625 0.1109375
0 0.1453125 0.36171875 0.13671875 0.13203125
0 0.30078125 0.34765625 0.14921875 0.1390625
0 0.43125 0.334375 0.1421875 0.14453125
0 0.5515625 0.35234375 0.14921875 0.1515625
0 0.68359375 0.4390625 0.146875 0.1515625
0 0.80859375 0.51171875 0.15390625 0.16796875
0 0.290625 0.4859375 0.16796875 0.1515625
0 0.41328125 0.4734375 0.146875 0.146875
0 0.525 0.50625 0.1515625 0.15625
0 0.65 0.571875 0.1515625 0.1734375
0 0.74375 0.646875 0.17578125 0.15859375
0 0.11875 0.6734375 0.1734375 0.18984375
0 0.23203125 0.6671875 0.1203125 0.15859375
0 0.36875 0.65234375 0.1421875 0.1703125
0 0.4796875 0.678125 0.125 0.14453125
0 0.5828125 0.725 0.16328125 0.18046875
0 0.75625 0.828125 0.12265625 0.12265625
0 0.84765625 0.86640625 0.11796875 0.1421875
0 0.18125 0.85234375 0.15625 0.18515625
0 0.4234375 0.8703125 0.1421875 0.14453125
0 0.56015625 0.9328125 0.13671875 0.134375
0 0.08359375 0.49609375 0.1609375 0.16953125
0 0.92734375 0.58671875 0.14453125 0.18515625