0 0.09609375 0.0921875 0.16796875 0.1296875
0 0.10234375 0.321875 0.1421875 0.16328125
1 0.16328125 0.46171875 0.1109375 0.146875
0 0.06953125 0.5453125 0.1203125 0.14453125
0 0.19921875 0.5640625 0.09140625 0.115625
0 0.084375 0.72265625 0.15625 0.18046875
0 0.1421875 0.8609375 0.13671875 0.16796875
0 0.27734375 0.88828125 0.16796875 0.17578125
0 0.35546875 0.2140625 0.15390625 0.15625
0 0.446875 0.2296875 0.1078125 0.115625
0 0.25 0.35078125 0.14921875 0.1703125
0 0.39453125 0.36796875 0.15859375 0.2046875
0 0.29296875 0.478125 0.12734375 0.1421875
0 0.33984375 0.5734375 0.16328125 0.16328125
0 0.3640625 0.68046875 0.1109375 0.11328125
0 0.44609375 0.790625 0.14921875 0.14453125
0 0.4328125 0.91953125 0.165625 0.14921875
0 0.43359375 0.4953125 0.10078125 0.1421875
0 0.48046875 0.11640625 0.15625 0.165625
0 0.63125 0.1109375 0.146875 0.13203125
0 0.5375 0.38671875 0.15390625 0.1703125
0 0.603125 0.26953125 0.1296875 0.14921875
0 0.58671875 0.5140625 0.146875 0.17578125
0 0.65390625 0.64921875 0.165625 0.16328125
0 0.7125 0.74296875 0.134375 0.1515625
0 0.5875 0.91796875 0.14453125 0.11796875
0 0.6234375 0.84140625 0.146875 0.14453125
0 0.7875 0.92890625 0.1828125 0.1421875
0 0.7546875 0.834375 0.1078125 0.1078125
0 0.771875 0.66484375 0.11796875 0.125
0 0.740625 0.52890625 0.15390625 0.1734375
0 0.71171875 0.3734375 0.18046875 0.18046875
0 0.7328125 0.1703125 0.1609375 0.196875
0 0.87734375 0.19375 0.1703125 0.1734375
0 0.81875 0.2953125 0.1390625 0.1296875
0 0.915625 0.3265625 0.10546875 0.13203125
0 0.8328125 0.44140625 0.16328125 0.15625
0 0.884375 0.5625 0.15625 0.16796875
0 0.91796875 0.6875 0.1609375 0.134375
0 0.85546875 0.82109375 0.13203125 0.134375
0 0.9421875 0.81640625 0.115625 0.146875