0 0.11171875 0.19375 0.1734375 0.16796875
0 0.15234375 0.3265625 0.11328125 0.1390625
0 0.134375 0.5515625 0.165625 0.1703125
0 0.1625 0.68125 0.165625 0.1390625
0 0.19140625 0.80859375 0.14921875 0.165625
0 0.10234375 0.83203125 0.1421875 0.1734375
0 0.33515625 0.19375 0.1734375 0.19453125
0 0.4109375 0.30625 0.1390625 0.16796875
0 0.4265625 0.071875 0.14453125 0.12734375
0 0.4859375 0.19140625 0.1515625 0.16796875
0 0.57421875 0.0828125 0.15625 0.14453125
0 0.6515625 0.18125 0.1515625 0.1390625
0 0.57421875 0.2984375 0.16328125 0.15625
0 0.50390625 0.4109375 0.1390625 0.14921875
0 0.43984375 0.5296875 0.134375 0.16796875
0 0.8109375 0.1578125 0.14453125 0.1421875
0 0.9125 0.24140625 0.1609375 0.1703125
0 0.73828125 0.31640625 0.1703125 0.1828125
0 0.66015625 0.41484375 0.1828125 0.16796875
0 0.5796875 0.5171875 0.134375 0.146875
0 0.50703125 0.62109375 0.13203125 0.1515625
0 0.74375 0.53125 0.15390625 0.1734375
0 0.875 0.3953125 0.165625 0.15859375
0 0.93828125 0.496875 0.1234375 0.128125
0 0.86171875 0.553125 0.13203125 0.1421875
0 0.66328125 0.625 0.1515625 0.15390625
0 0.8140625 0.63359375 0.14921875 0.134375
0 0.8796875 0.74375 0.16796875 0.18046875
0 0.7328125 0.72734375 0.16328125 0.1515625
0 0.58671875 0.74296875 0.15625 0.13671875
0 0.49296875 0.82421875 0.1390625 0.15625
0 0.6578125 0.85234375 0.15625 0.1515625
0 0.821875 0.865625 0.15859375 0.1609375