0 0.209375 0.0953125 0.1609375 0.1703125
0 0.15234375 0.240625 0.16328125 0.15859375
0 0.11640625 0.390625 0.16796875 0.15390625
0 0.27265625 0.36171875 0.134375 0.14921875
0 0.3734375 0.41484375 0.1109375 0.13671875
0 0.178125 0.49296875 0.12734375 0.11796875
0 0.1109375 0.55078125 0.1078125 0.134375
0 0.12265625 0.740625 0.165625 0.196875
0 0.21484375 0.8734375 0.1515625 0.1734375
0 0.23046875 0.61328125 0.1703125 0.18515625
0 0.33203125 0.540625 0.14921875 0.12734375
0 0.3765625 0.6546875 0.1609375 0.13671875
0 0.27890625 0.7453125 0.16328125 0.1390625
0 0.3109375 0.828125 0.0796875 0.09140625
0 0.365625 0.89765625 0.14921875 0.15859375
0 0.42578125 0.76953125 0.1515625 0.18046875
0 0.3921875 0.2171875 0.17578125 0.21171875
0 0.475 0.103125 0.14921875 0.14921875
0 0.62109375 0.08671875 0.13671875 0.1515625
0 0.5453125 0.21484375 0.125 0.15390625
0 0.6734375 0.18046875 0.10546875 0.1421875
0 0.7546875 0.18515625 0.0984375 0.1390625
0 0.7640625 0.0828125 0.13671875 0.1421875
0 0.84765625 0.1890625 0.11796875 0.15390625
0 0.9078125 0.30078125 0.13671875 0.14921875
0 0.63125 0.34765625 0.17578125 0.2046875
0 0.76171875 0.375 0.15859375 0.2140625
0 0.47265625 0.4671875 0.134375 0.13203125
0 0.47734375 0.578125 0.13671875 0.14453125
0 0.52421875 0.7046875 0.1609375 0.17578125
0 0.48828125 0.9171875 0.146875 0.146875
0 0.6 0.50703125 0.13671875 0.134375
0 0.62734375 0.63125 0.1734375 0.16328125
0 0.75 0.55390625 0.12734375 0.13203125
0 0.6671875 0.765625 0.12265625 0.1421875
0 0.7828125 0.6734375 0.1421875 0.165625
0 0.8859375 0.58984375 0.12734375 0.125
0 0.91015625 0.7171875 0.13671875 0.16328125
0 0.8265625 0.8078125 0.1296875 0.15625