0 0.08515625 0.19609375 0.13203125 0.16328125
0 0.228125 0.1859375 0.1515625 0.15859375
0 0.375 0.18125 0.15625 0.178125
0 0.52265625 0.178125 0.1390625 0.1609375
0 0.7859375 0.1734375 0.0984375 0.125
0 0.7390625 0.2921875 0.1515625 0.1515625
0 0.59765625 0.30078125 0.1421875 0.16796875
0 0.146875 0.31015625 0.13671875 0.14453125
0 0.2796875 0.4203125 0.15859375 0.19921875
0 0.4390625 0.3171875 0.103125 0.12734375
0 0.428125 0.47734375 0.18515625 0.209375
0 0.53359375 0.4046875 0.1109375 0.0984375
0 0.68046875 0.43046875 0.1390625 0.1296875
0 0.82578125 0.41015625 0.1296875 0.134375
0 0.1296875 0.5921875 0.1109375 0.12265625
0 0.28515625 0.62890625 0.14453125 0.146875
0 0.553125 0.5625 0.165625 0.21875
0 0.7125 0.55078125 0.15390625 0.10546875
0 0.6859375 0.671875 0.15625 0.15859375
0 0.85234375 0.5734375 0.1203125 0.103125
0 0.8140625 0.69921875 0.1703125 0.18984375
0 0.41484375 0.6984375 0.07421875 0.0890625
0 0.47734375 0.80078125 0.13203125 0.146875
0 0.15 0.7140625 0.13203125 0.165625
0 0.30390625 0.75859375 0.14453125 0.1515625
0 0.615625 0.83515625 0.14453125 0.16796875
0 0.82421875 0.9046875 0.09609375 0.0984375
0 0.93359375 0.7921875 0.13203125 0.1609375