0 0.0828125 0.0609375 0.10546875 0.0984375
1 0.2296875 0.05546875 0.09375 0.08671875
1 0.30546875 0.18046875 0.1421875 0.1421875
0 0.45546875 0.1734375 0.12265625 0.134375
0 0.5921875 0.165625 0.14453125 0.14453125
0 0.74609375 0.16015625 0.11328125 0.1296875
0 0.8234375 0.2828125 0.1203125 0.14921875
0 0.6734375 0.2875 0.13671875 0.15625
0 0.5265625 0.28984375 0.125 0.134375
0 0.37734375 0.30625 0.125 0.1421875
0 0.23828125 0.303125 0.14453125 0.16796875
0 0.171875 0.4390625 0.1515625 0.14453125
0 0.321875 0.43125 0.1515625 0.16796875
0 0.46171875 0.428125 0.125 0.134375
0 0.60546875 0.41953125 0.125 0.134375
0 0.74296875 0.4046875 0.12265625 0.12265625
1 0.103125 0.57109375 0.09140625 0.09375
0 0.24375 0.56875 0.12734375 0.13203125
0 0.3890625 0.5609375 0.09375 0.1109375
0 0.53984375 0.5453125 0.11796875 0.1203125
0 0.67890625 0.5359375 0.13671875 0.15859375
0 0.82421875 0.52734375 0.11328125 0.13203125
0 0.76171875 0.65390625 0.1203125 0.134375
0 0.61640625 0.6625 0.146875 0.15390625
0 0.4671875 0.671875 0.12734375 0.16328125
0 0.328125 0.69140625 0.12734375 0.146875
0 0.18125 0.69140625 0.14921875 0.16328125
0 0.1203125 0.81953125 0.1515625 0.15859375
0 0.5453125 0.796875 0.125 0.15625
0 0.703125 0.790625 0.14921875 0.16796875
0 0.83984375 0.77734375 0.12734375 0.1515625
0 0.3921875 0.85078125 0.12265625 0.125
0 0.62890625 0.9234375 0.1296875 0.14921875
0 0.77421875 0.90234375 0.115625 0.1296875
0 0.9109375 0.9046875 0.15625 0.1734375
1 0.51796875 0.05546875 0.1203125 0.084375
0 0.3421875 0.93046875 0.1421875 0.1390625
0 0.48828125 0.9203125 0.15859375 0.15859375