0 0.10078125 0.93359375 0.1421875 0.13203125
0 0.2484375 0.88125 0.15859375 0.16796875
0 0.1390625 0.75625 0.1703125 0.16796875
0 0.084375 0.6234375 0.15390625 0.14921875
0 0.33671875 0.790625 0.1390625 0.165625
0 0.453125 0.8734375 0.1515625 0.1875
0 0.52890625 0.925 0.1515625 0.15
0 0.13359375 0.17421875 0.165625 0.1421875
0 0.1609375 0.26171875 0.12265625 0.1421875
0 0.18984375 0.38125 0.165625 0.1828125
0 0.22265625 0.50234375 0.115625 0.125
0 0.259375 0.15625 0.146875 0.165625
0 0.2875 0.27890625 0.15390625 0.13203125
0 0.4 0.13125 0.1421875 0.1828125
0 0.50390625 0.19140625 0.1703125 0.1828125
0 0.32421875 0.4046875 0.15859375 0.1609375
0 0.3546875 0.5484375 0.1734375 0.19921875
0 0.4265625 0.65234375 0.13671875 0.1421875
0 0.45078125 0.4234375 0.15625 0.15859375
0 0.5203125 0.571875 0.18984375 0.16796875
0 0.5640625 0.45703125 0.14921875 0.1296875
0 0.553125 0.31484375 0.15859375 0.1390625
0 0.5734375 0.7359375 0.165625 0.15390625
0 0.61328125 0.10546875 0.1734375 0.134375
0 0.6671875 0.2328125 0.165625 0.15625
0 0.68515625 0.3578125 0.1828125 0.15859375
0 0.69375 0.48671875 0.15390625 0.16328125
0 0.66796875 0.625 0.16328125 0.1734375
0 0.72265625 0.74296875 0.1296875 0.18046875
0 0.790625 0.81015625 0.146875 0.13671875
0 0.83203125 0.68046875 0.16796875 0.15390625
0 0.80546875 0.5296875 0.1390625 0.1421875
0 0.81015625 0.40234375 0.1296875 0.165625
0 0.78125 0.2703125 0.12265625 0.1390625
0 0.75390625 0.13125 0.14921875 0.1421875
0 0.853125 0.14921875 0.15390625 0.1421875
0 0.87890625 0.2640625 0.1203125 0.1296875
0 0.91015625 0.40859375 0.1421875 0.165625
0 0.93515625 0.521875 0.1296875 0.1515625