0 0.10546875 0.10703125 0.14453125 0.16328125
0 0.1875 0.178125 0.146875 0.14921875
0 0.1453125 0.26953125 0.1609375 0.15390625
0 0.2921875 0.10078125 0.16796875 0.15859375
0 0.4234375 0.1734375 0.13671875 0.15390625
0 0.56953125 0.2046875 0.14921875 0.16796875
0 0.7125 0.23828125 0.10078125 0.1203125
0 0.7546875 0.07421875 0.1515625 0.14453125
0 0.9046875 0.09609375 0.125 0.14921875
0 0.91015625 0.2515625 0.1296875 0.1421875
0 0.3125 0.303125 0.125 0.12734375
0 0.43359375 0.5015625 0.18515625 0.2015625
0 0.6609375 0.48671875 0.16796875 0.165625
0 0.80546875 0.44609375 0.1421875 0.1734375
0 0.7046875 0.5640625 0.1390625 0.1421875
0 0.446875 0.65234375 0.1515625 0.14921875
0 0.59609375 0.66328125 0.14921875 0.1734375
0 0.35546875 0.76953125 0.1421875 0.1421875
0 0.19609375 0.75234375 0.1078125 0.1109375
0 0.103125 0.884375 0.12265625 0.13671875
0 0.25078125 0.91171875 0.1828125 0.1765625
0 0.63671875 0.7765625 0.1078125 0.1078125
0 0.69140625 0.8484375 0.11796875 0.1296875
0 0.7515625 0.68046875 0.18515625 0.19921875
0 0.89765625 0.54296875 0.15625 0.13203125
0 0.8296875 0.81875 0.1609375 0.23828125