0 0.196875 0.19140625 0.1203125 0.1390625
0 0.55078125 0.22265625 0.1078125 0.11328125
0 0.0984375 0.25 0.0984375 0.1203125
0 0.0984375 0.0796875 0.1390625 0.15859375
0 0.6609375 0.08984375 0.15859375 0.1609375
0 0.82109375 0.12265625 0.16328125 0.13203125
0 0.7390625 0.20703125 0.1390625 0.1296875
0 0.90390625 0.2046875 0.1421875 0.15859375
0 0.67578125 0.3328125 0.1390625 0.14921875
0 0.83046875 0.31953125 0.16796875 0.178125
0 0.88359375 0.47265625 0.16328125 0.16328125
0 0.74609375 0.45546875 0.134375 0.146875
0 0.603125 0.4265625 0.15390625 0.17578125
0 0.08203125 0.50859375 0.0765625 0.0796875
0 0.1625 0.45078125 0.10078125 0.084375
0 0.165625 0.5796875 0.1921875 0.165625
0 0.34609375 0.578125 0.15859375 0.165625
0 0.26953125 0.62890625 0.1078125 0.13671875
0 0.48046875 0.63125 0.165625 0.1703125
0 0.3765625 0.72734375 0.1515625 0.1203125
0 0.1578125 0.71875 0.17578125 0.11796875
0 0.240625 0.8078125 0.125 0.1078125
0 0.15 0.8296875 0.14453125 0.11796875
0 0.171875 0.92890625 0.11328125 0.1421875
0 0.3546875 0.84375 0.15390625 0.18046875
0 0.515625 0.7875 0.1875 0.21640625
0 0.63359375 0.75859375 0.1703125 0.1921875
0 0.79296875 0.7515625 0.15625 0.178125
0 0.50859375 0.90625 0.146875 0.13203125