0 0.515625 0.17890625 0.15390625 0.1703125
0 0.65234375 0.43125 0.146875 0.1734375
0 0.6703125 0.7875 0.15859375 0.16328125
0 0.84375 0.44140625 0.14921875 0.16796875
0 0.24140625 0.8125 0.1515625 0.18515625
0 0.484375 0.43046875 0.15390625 0.1703125
0 0.50625 0.7140625 0.14453125 0.13671875
0 0.57109375 0.5515625 0.1609375 0.1828125
0 0.82109375 0.14453125 0.103125 0.10078125
0 0.615625 0.0796875 0.14921875 0.15625
0 0.3265625 0.1984375 0.0984375 0.125
0 0.26328125 0.2328125 0.08671875 0.11796875
0 0.6703125 0.2015625 0.1421875 0.1421875
0 0.75859375 0.30859375 0.1734375 0.1734375
0 0.9234375 0.30625 0.1421875 0.15390625
0 0.58515625 0.30859375 0.1515625 0.1390625
0 0.196875 0.35546875 0.165625 0.1703125
0 0.3609375 0.4 0.15390625 0.2015625
0 0.1140625 0.4390625 0.1421875 0.1703125
0 0.15234375 0.53828125 0.15859375 0.14453125
0 0.26171875 0.47734375 0.15390625 0.14453125
0 0.42890625 0.5953125 0.13203125 0.15625
0 0.29453125 0.61796875 0.1515625 0.18046875
0 0.63125 0.6609375 0.12734375 0.1515625
0 0.759375 0.6625 0.16328125 0.1421875
0 0.5421875 0.853125 0.1515625 0.15859375
0 0.3921875 0.81640625 0.16328125 0.16796875
0 0.88125 0.6859375 0.14921875 0.134375
0 0.90859375 0.5640625 0.12734375 0.11796875
0 0.1703125 0.6265625 0.11796875 0.115625
0 0.8140625 0.80625 0.1515625 0.16328125