0 0.0625 0.1390625 0.084375 0.084375
0 0.16953125 0.30546875 0.15390625 0.15390625
0 0.0765625 0.4421875 0.134375 0.16796875
0 0.228125 0.421875 0.1515625 0.1734375
0 0.14921875 0.56015625 0.1296875 0.13671875
0 0.28359375 0.5453125 0.1421875 0.16328125
0 0.1109375 0.6875 0.125 0.14453125
0 0.26328125 0.7328125 0.165625 0.178125
0 0.1921875 0.86328125 0.2046875 0.196875
0 0.31640625 0.06640625 0.125 0.115625
0 0.3234375 0.16484375 0.1421875 0.134375
0 0.4515625 0.1359375 0.11328125 0.12734375
0 0.603125 0.14296875 0.10078125 0.11796875
0 0.76171875 0.13125 0.12265625 0.125
0 0.36796875 0.28515625 0.15390625 0.14453125
0 0.9125 0.125 0.1203125 0.125
0 0.665625 0.2515625 0.13671875 0.16796875
0 0.53984375 0.26171875 0.1296875 0.13203125
0 0.5015625 0.3421875 0.16796875 0.1734375
0 0.775 0.3109375 0.1703125 0.18046875
0 0.4484375 0.4828125 0.16796875 0.1875
1 0.5953125 0.446875 0.125 0.146875
0 0.7203125 0.43046875 0.11328125 0.12265625
1 0.54921875 0.584375 0.1609375 0.14453125
1 0.66953125 0.55546875 0.1390625 0.15625
0 0.80625 0.571875 0.16328125 0.165625
0 0.928125 0.47109375 0.1421875 0.1296875
0 0.77265625 0.7171875 0.196875 0.2015625
0 0.61875 0.7296875 0.14453125 0.146875
0 0.459375 0.7078125 0.21171875 0.16796875
0 0.41484375 0.83046875 0.18515625 0.1515625
0 0.55859375 0.85 0.1390625 0.1703125