1 0.79453125 0.615625 0.1078125 0.1203125
0 0.1546875 0.1234375 0.11328125 0.12265625
0 0.18984375 0.2453125 0.16796875 0.1828125
0 0.16953125 0.4734375 0.1515625 0.15859375
0 0.4890625 0.359375 0.13203125 0.13671875
0 0.55390625 0.23671875 0.1609375 0.1703125
0 0.7015625 0.228125 0.14453125 0.1828125
0 0.615625 0.109375 0.14453125 0.146875
0 0.76953125 0.10234375 0.1421875 0.1421875
0 0.85 0.22734375 0.14921875 0.15625
0 0.91328125 0.09765625 0.1421875 0.15390625
0 0.446875 0.0953125 0.1203125 0.14453125
0 0.28515625 0.11640625 0.12265625 0.146875
0 0.6421875 0.359375 0.1296875 0.13203125
1 0.86875 0.7328125 0.1515625 0.14921875
1 0.209375 0.59765625 0.125 0.12734375
0 0.79296875 0.84765625 0.1203125 0.11796875
0 0.9375 0.8375 0.1109375 0.1296875