0 0.1984375 0.18125 0.15390625 0.1515625
0 0.0796875 0.21640625 0.146875 0.1875
0 0.15 0.06875 0.13671875 0.134375
0 0.18125 0.32421875 0.15390625 0.134375
0 0.30546875 0.30078125 0.1421875 0.115625
0 0.2875 0.17578125 0.1078125 0.09609375
0 0.359375 0.08515625 0.1609375 0.16796875
0 0.18359375 0.453125 0.14453125 0.1703125
0 0.275 0.4171875 0.11796875 0.14453125
0 0.13828125 0.58671875 0.1609375 0.18046875
0 0.2515625 0.72265625 0.134375 0.1703125
0 0.3078125 0.5796875 0.18515625 0.19453125
0 0.4078125 0.69921875 0.1828125 0.17578125
0 0.13359375 0.7453125 0.103125 0.14921875
0 0.1234375 0.87109375 0.1203125 0.1515625
0 0.38125 0.853125 0.17578125 0.17578125
0 0.55859375 0.80078125 0.1421875 0.1703125
0 0.5765625 0.665625 0.1203125 0.1421875
0 0.3734375 0.4 0.12265625 0.13671875
0 0.41484375 0.5375 0.115625 0.1390625
0 0.53515625 0.5375 0.115625 0.115625
0 0.50703125 0.3890625 0.1390625 0.196875
0 0.4359375 0.2484375 0.125 0.11328125
0 0.50703125 0.1421875 0.1421875 0.1296875
0 0.553125 0.26328125 0.1421875 0.1421875
0 0.63359375 0.3921875 0.13671875 0.1734375
0 0.63125 0.5296875 0.11328125 0.13203125
0 0.68125 0.75859375 0.103125 0.12265625
1 0.828125 0.734375 0.1421875 0.15859375
0 0.70703125 0.63125 0.134375 0.1390625
1 0.7453125 0.509375 0.1390625 0.16328125
0 0.78984375 0.375 0.14453125 0.1390625
0 0.7671875 0.26953125 0.12265625 0.12265625
0 0.90859375 0.37734375 0.12734375 0.134375
0 0.88828125 0.49375 0.11796875 0.1203125
1 0.8484375 0.60546875 0.1078125 0.11796875
0 0.86796875 0.85234375 0.1515625 0.13203125
0 0.703125 0.86171875 0.09140625 0.1109375