0 0.21484375 0.1390625 0.12265625 0.13203125
0 0.56640625 0.28515625 0.18984375 0.196875
0 0.3703125 0.1390625 0.18515625 0.18515625
0 0.26796875 0.25390625 0.15859375 0.125
0 0.2921875 0.36796875 0.15390625 0.16796875
0 0.428125 0.3390625 0.1203125 0.14453125
0 0.4109375 0.4546875 0.146875 0.14453125
1 0.5765625 0.446875 0.103125 0.103125
0 0.14453125 0.375 0.1390625 0.1421875
0 0.134375 0.490625 0.1078125 0.1203125
0 0.2921875 0.475 0.15390625 0.125
1 0.0921875 0.60234375 0.1109375 0.115625
1 0.23046875 0.5765625 0.146875 0.146875
1 0.0734375 0.7296875 0.1390625 0.15859375
1 0.23828125 0.69375 0.14921875 0.1515625
1 0.39453125 0.571875 0.11796875 0.11796875
0 0.396875 0.68515625 0.1203125 0.1390625
1 0.5484375 0.5609375 0.13203125 0.146875
1 0.52890625 0.67578125 0.103125 0.103125
0 0.475 0.21015625 0.12734375 0.146875
0 0.7671875 0.2203125 0.16796875 0.1734375
0 0.66015625 0.0953125 0.18046875 0.16796875
0 0.821875 0.0765625 0.134375 0.14921875
0 0.90390625 0.18984375 0.18515625 0.16796875
0 0.85234375 0.3296875 0.146875 0.1421875
0 0.73046875 0.428125 0.16328125 0.15625
0 0.70078125 0.540625 0.125 0.11796875
0 0.85546875 0.4359375 0.13671875 0.134375
0 0.83515625 0.53125 0.10546875 0.1109375
0 0.8140625 0.66953125 0.18515625 0.19921875
0 0.6546875 0.6703125 0.134375 0.13203125
1 0.271875 0.83515625 0.10078125 0.11796875
0 0.11328125 0.8546875 0.14453125 0.12734375
0 0.4046875 0.81953125 0.134375 0.1296875
0 0.5453125 0.79453125 0.13671875 0.15390625
0 0.709375 0.80390625 0.134375 0.1421875
0 0.9015625 0.90703125 0.165625 0.1859375
1 0.65 0.92890625 0.14921875 0.1421875
0 0.77890625 0.9234375 0.1515625 0.1515625