0 0.0765625 0.1875 0.146875 0.15625
0 0.1609375 0.3140625 0.146875 0.1515625
0 0.22265625 0.17421875 0.1296875 0.1390625
0 0.36328125 0.18125 0.1515625 0.1515625
0 0.509375 0.18359375 0.14453125 0.18046875
0 0.57421875 0.29296875 0.11796875 0.1515625
0 0.6421875 0.421875 0.165625 0.165625
0 0.80546875 0.453125 0.178125 0.16796875
0 0.85546875 0.353125 0.10078125 0.10078125
0 0.53984375 0.61640625 0.1390625 0.15859375
0 0.6765625 0.63359375 0.1421875 0.14453125
0 0.54296875 0.75703125 0.14453125 0.1703125
0 0.67421875 0.75859375 0.146875 0.1515625
0 0.74609375 0.85 0.11796875 0.1609375
0 0.8921875 0.7015625 0.1421875 0.165625
0 0.8890625 0.85234375 0.15390625 0.16328125
0 0.92265625 0.2328125 0.1546875 0.165625
0 0.30234375 0.3078125 0.1375 0.1453125
0 0.0640625 0.91640625 0.12734375 0.14140625