0 0.18509615384615385 0.13942307692307693 0.17668269230769232 0.17668269230769232
0 0.25721153846153844 0.2283653846153846 0.15985576923076922 0.16706730769230768
0 0.3269230769230769 0.3545673076923077 0.18269230769230768 0.15384615384615385
0 0.37259615384615385 0.49038461538461536 0.1658653846153846 0.14903846153846154
0 0.3798076923076923 0.6334134615384616 0.13581730769230768 0.13581730769230768
0 0.13701923076923078 0.31009615384615385 0.16706730769230768 0.1622596153846154
0 0.20552884615384615 0.4170673076923077 0.19230769230769232 0.17427884615384615
0 0.10336538461538461 0.5132211538461539 0.15144230769230768 0.15264423076923078
0 0.265625 0.5360576923076923 0.17067307692307693 0.1502403846153846
0 0.15384615384615385 0.6550480769230769 0.13942307692307693 0.12860576923076922
0 0.2764423076923077 0.6646634615384616 0.14423076923076922 0.14903846153846154
0 0.11177884615384616 0.7860576923076923 0.12860576923076922 0.1466346153846154
0 0.17427884615384615 0.9074519230769231 0.17067307692307693 0.18509615384615385
0 0.23076923076923078 0.7836538461538461 0.16346153846153846 0.15144230769230768
0 0.35336538461538464 0.7548076923076923 0.1346153846153846 0.1466346153846154
0 0.3016826923076923 0.8822115384615384 0.14182692307692307 0.12980769230769232
0 0.46634615384615385 0.8425480769230769 0.171875 0.1466346153846154
0 0.5048076923076923 0.7391826923076923 0.19951923076923078 0.14903846153846154
0 0.5552884615384616 0.6045673076923077 0.203125 0.16826923076923078
0 0.5372596153846154 0.14182692307692307 0.1971153846153846 0.14543269230769232
0 0.5408653846153846 0.25961538461538464 0.15144230769230768 0.12860576923076922
0 0.5432692307692307 0.3762019230769231 0.16466346153846154 0.13822115384615385
0 0.6502403846153846 0.4338942307692308 0.18269230769230768 0.14783653846153846
0 0.6622596153846154 0.53125 0.17548076923076922 0.15625
0 0.6598557692307693 0.6850961538461539 0.16947115384615385 0.1778846153846154
0 0.7740384615384616 0.609375 0.10336538461538461 0.12740384615384615
0 0.6971153846153846 0.3173076923076923 0.18389423076923078 0.15625
0 0.7451923076923077 0.21394230769230768 0.19471153846153846 0.14783653846153846
0 0.8293269230769231 0.12139423076923077 0.16105769230769232 0.1658653846153846
0 0.8737980769230769 0.40024038461538464 0.18990384615384615 0.15384615384615385
0 0.8173076923076923 0.4831730769230769 0.16947115384615385 0.14302884615384615
0 0.9110576923076923 0.6887019230769231 0.171875 0.171875
0 0.7091346153846154 0.8461538461538461 0.16105769230769232 0.18870192307692307
0 0.8076923076923077 0.8665865384615384 0.12259615384615384 0.1622596153846154