0 0.11899038461538461 0.15625 0.17427884615384615 0.15264423076923078
0 0.15745192307692307 0.2704326923076923 0.14903846153846154 0.13822115384615385
0 0.14783653846153846 0.39663461538461536 0.14903846153846154 0.1778846153846154
0 0.1778846153846154 0.5264423076923077 0.19831730769230768 0.17427884615384615
0 0.21033653846153846 0.640625 0.13581730769230768 0.13581730769230768
0 0.203125 0.7524038461538461 0.18629807692307693 0.15504807692307693
0 0.21754807692307693 0.8978365384615384 0.15865384615384615 0.1875
0 0.23076923076923078 0.08052884615384616 0.15985576923076922 0.15865384615384615
0 0.24639423076923078 0.20432692307692307 0.14423076923076922 0.14543269230769232
0 0.2776442307692308 0.29447115384615385 0.1622596153846154 0.17908653846153846
0 0.33413461538461536 0.4170673076923077 0.15865384615384615 0.15865384615384615
0 0.34975961538461536 0.5276442307692307 0.16466346153846154 0.15745192307692307
0 0.34134615384615385 0.6478365384615384 0.15985576923076922 0.15985576923076922
0 0.359375 0.78125 0.18269230769230768 0.15865384615384615
0 0.36177884615384615 0.890625 0.15745192307692307 0.16466346153846154
0 0.3786057692307692 0.09014423076923077 0.14783653846153846 0.14543269230769232
0 0.40024038461538464 0.203125 0.15384615384615385 0.15745192307692307
0 0.43509615384615385 0.3004807692307692 0.12980769230769232 0.14302884615384615
0 0.4723557692307692 0.4050480769230769 0.1346153846153846 0.1502403846153846
0 0.4891826923076923 0.4963942307692308 0.1346153846153846 0.14903846153846154
0 0.46274038461538464 0.6177884615384616 0.1346153846153846 0.1622596153846154
0 0.46274038461538464 0.7247596153846154 0.14903846153846154 0.15504807692307693
0 0.46274038461538464 0.8305288461538461 0.13942307692307693 0.14302884615384615
0 0.5985576923076923 0.6766826923076923 0.15264423076923078 0.15264423076923078
0 0.6286057692307693 0.7992788461538461 0.14543269230769232 0.15264423076923078
0 0.5108173076923077 0.12740384615384615 0.15504807692307693 0.14903846153846154
0 0.5552884615384616 0.25 0.17427884615384615 0.15384615384615385
0 0.5889423076923077 0.34975961538461536 0.15264423076923078 0.13942307692307693
0 0.6382211538461539 0.48677884615384615 0.16346153846153846 0.1814903846153846
0 0.6947115384615384 0.6310096153846154 0.14903846153846154 0.1778846153846154
0 0.75 0.7463942307692307 0.1502403846153846 0.15745192307692307
0 0.7920673076923077 0.8581730769230769 0.1622596153846154 0.14302884615384615
0 0.6165865384615384 0.1310096153846154 0.13822115384615385 0.15264423076923078
0 0.6778846153846154 0.2536057692307692 0.15384615384615385 0.16346153846153846
0 0.7127403846153846 0.36177884615384615 0.13341346153846154 0.15384615384615385
0 0.7644230769230769 0.4855769230769231 0.1502403846153846 0.16346153846153846
0 0.8185096153846154 0.5949519230769231 0.16466346153846154 0.16466346153846154
0 0.8641826923076923 0.7007211538461539 0.14543269230769232 0.15504807692307693
0 0.9146634615384616 0.7836538461538461 0.1502403846153846 0.14423076923076922
0 0.9014423076923077 0.8882211538461539 0.14302884615384615 0.1346153846153846
0 0.7403846153846154 0.1502403846153846 0.14423076923076922 0.15985576923076922
0 0.7992788461538461 0.2668269230769231 0.140625 0.13942307692307693
0 0.8401442307692307 0.3858173076923077 0.13581730769230768 0.15745192307692307
0 0.8918269230769231 0.515625 0.14302884615384615 0.15745192307692307
0 0.9362980769230769 0.6141826923076923 0.12139423076923077 0.14783653846153846
0 0.8533653846153846 0.19110576923076922 0.1045673076923077 0.1310096153846154
0 0.9098557692307693 0.29447115384615385 0.11057692307692307 0.11899038461538461
0 0.9483173076923077 0.39783653846153844 0.10096153846153846 0.10576923076923077