0 0.109375 0.23197115384615385 0.17307692307692307 0.1814903846153846
0 0.16947115384615385 0.12980769230769232 0.1935096153846154 0.14543269230769232
0 0.1875 0.8485576923076923 0.16346153846153846 0.17307692307692307
0 0.9014423076923077 0.09975961538461539 0.15504807692307693 0.16826923076923078
0 0.7800480769230769 0.1201923076923077 0.140625 0.15504807692307693
0 0.8822115384615384 0.22355769230769232 0.16826923076923078 0.16105769230769232
0 0.7524038461538461 0.22235576923076922 0.15144230769230768 0.15264423076923078
0 0.6490384615384616 0.18269230769230768 0.16466346153846154 0.15264423076923078
0 0.4987980769230769 0.11298076923076923 0.21514423076923078 0.19591346153846154
0 0.421875 0.1814903846153846 0.18509615384615385 0.11538461538461539
0 0.8557692307692307 0.3641826923076923 0.17307692307692307 0.15144230769230768
0 0.8990384615384616 0.46634615384615385 0.1875 0.15264423076923078
0 0.9242788461538461 0.6262019230769231 0.15144230769230768 0.16947115384615385
0 0.8064903846153846 0.5901442307692307 0.14903846153846154 0.15985576923076922
0 0.7139423076923077 0.3641826923076923 0.15745192307692307 0.17908653846153846
0 0.6081730769230769 0.31971153846153844 0.15985576923076922 0.17908653846153846
0 0.7115384615384616 0.5024038461538461 0.18028846153846154 0.20432692307692307
0 0.5877403846153846 0.4338942307692308 0.20432692307692307 0.18028846153846154
0 0.45552884615384615 0.36177884615384615 0.16826923076923078 0.15745192307692307
0 0.40384615384615385 0.2860576923076923 0.11298076923076923 0.12139423076923077
0 0.29447115384615385 0.2620192307692308 0.18028846153846154 0.14302884615384615
0 0.33653846153846156 0.3786057692307692 0.16826923076923078 0.16346153846153846
0 0.22956730769230768 0.36177884615384615 0.16105769230769232 0.16706730769230768
0 0.17908653846153846 0.4891826923076923 0.18028846153846154 0.15504807692307693
0 0.30649038461538464 0.4951923076923077 0.14543269230769232 0.13942307692307693
0 0.4338942307692308 0.4951923076923077 0.15264423076923078 0.16346153846153846
0 0.5516826923076923 0.5769230769230769 0.140625 0.16826923076923078
0 0.33052884615384615 0.6141826923076923 0.17668269230769232 0.17307692307692307
0 0.45072115384615385 0.6262019230769231 0.12860576923076922 0.17908653846153846
0 0.3786057692307692 0.7259615384615384 0.14543269230769232 0.15985576923076922
0 0.5096153846153846 0.7475961538461539 0.1201923076923077 0.19110576923076922
0 0.6454326923076923 0.6790865384615384 0.15144230769230768 0.17307692307692307
0 0.6370192307692307 0.8028846153846154 0.14423076923076922 0.09495192307692307
0 0.7596153846153846 0.7055288461538461 0.14543269230769232 0.15745192307692307
0 0.8641826923076923 0.7199519230769231 0.1310096153846154 0.15504807692307693