0 0.19831730769230768 0.07451923076923077 0.14302884615384615 0.12860576923076922
0 0.34615384615384615 0.1466346153846154 0.16947115384615385 0.12860576923076922
0 0.5673076923076923 0.21514423076923078 0.2283653846153846 0.1935096153846154
0 0.6322115384615384 0.11298076923076923 0.16706730769230768 0.13221153846153846
0 0.7439903846153846 0.1502403846153846 0.15504807692307693 0.16706730769230768
0 0.8605769230769231 0.234375 0.19110576923076922 0.19110576923076922
0 0.6971153846153846 0.2692307692307692 0.15144230769230768 0.16466346153846154
0 0.6286057692307693 0.3449519230769231 0.16466346153846154 0.13341346153846154
0 0.7740384615384616 0.3389423076923077 0.15504807692307693 0.14302884615384615
0 0.7139423076923077 0.4110576923076923 0.140625 0.125
0 0.8161057692307693 0.7908653846153846 0.20552884615384615 0.20793269230769232
0 0.0673076923076923 0.234375 0.1346153846153846 0.18509615384615385
0 0.1935096153846154 0.33052884615384615 0.171875 0.19110576923076922
0 0.3629807692307692 0.38341346153846156 0.1935096153846154 0.18509615384615385
0 0.15384615384615385 0.4519230769230769 0.16346153846153846 0.16346153846153846
0 0.3016826923076923 0.4963942307692308 0.13581730769230768 0.14423076923076922
0 0.4338942307692308 0.53125 0.13942307692307693 0.17307692307692307
0 0.10576923076923077 0.5709134615384616 0.16947115384615385 0.16346153846153846
0 0.265625 0.625 0.18509615384615385 0.17548076923076922
0 0.40384615384615385 0.7007211538461539 0.12740384615384615 0.16105769230769232
0 0.31971153846153844 0.7740384615384616 0.16706730769230768 0.16105769230769232
0 0.1814903846153846 0.7151442307692307 0.17307692307692307 0.15625
0 0.1466346153846154 0.8377403846153846 0.12860576923076922 0.17548076923076922
0 0.24158653846153846 0.8641826923076923 0.14423076923076922 0.16706730769230768
0 0.3762019230769231 0.8930288461538461 0.15504807692307693 0.17548076923076922