0 0.171875 0.125 0.13701923076923078 0.16706730769230768
0 0.09134615384615384 0.22956730769230768 0.12860576923076922 0.15504807692307693
0 0.3088942307692308 0.1310096153846154 0.15504807692307693 0.18389423076923078
0 0.45552884615384615 0.16105769230769232 0.171875 0.14903846153846154
0 0.6442307692307693 0.10817307692307693 0.14783653846153846 0.1814903846153846
0 0.7524038461538461 0.15865384615384615 0.140625 0.15985576923076922
0 0.1778846153846154 0.41225961538461536 0.16346153846153846 0.140625
0 0.3137019230769231 0.36538461538461536 0.13701923076923078 0.15625
0 0.41586538461538464 0.36538461538461536 0.11658653846153846 0.15745192307692307
0 0.5528846153846154 0.36778846153846156 0.15745192307692307 0.20072115384615385
0 0.8689903846153846 0.42788461538461536 0.19951923076923078 0.22355769230769232
0 0.6490384615384616 0.3713942307692308 0.10697115384615384 0.18028846153846154
0 0.7463942307692307 0.3894230769230769 0.10817307692307693 0.15504807692307693
0 0.7740384615384616 0.5084134615384616 0.140625 0.12740384615384615
0 0.8088942307692307 0.5877403846153846 0.13701923076923078 0.14903846153846154
0 0.8725961538461539 0.6778846153846154 0.15144230769230768 0.2283653846153846
0 0.6177884615384616 0.5564903846153846 0.17548076923076922 0.19591346153846154
0 0.6983173076923077 0.6622596153846154 0.16706730769230768 0.16706730769230768
0 0.18389423076923078 0.5420673076923077 0.16105769230769232 0.16826923076923078
0 0.18389423076923078 0.6418269230769231 0.16826923076923078 0.14423076923076922
0 0.1875 0.75 0.18028846153846154 0.14903846153846154
0 0.18629807692307693 0.8425480769230769 0.17668269230769232 0.15264423076923078
0 0.27884615384615385 0.5901442307692307 0.14903846153846154 0.11177884615384616
0 0.32572115384615385 0.7319711538461539 0.14783653846153846 0.15985576923076922
0 0.32091346153846156 0.8689903846153846 0.18509615384615385 0.1310096153846154
0 0.39663461538461536 0.5793269230769231 0.11658653846153846 0.14302884615384615
0 0.43149038461538464 0.7007211538461539 0.13581730769230768 0.15504807692307693
0 0.4963942307692308 0.5637019230769231 0.12379807692307693 0.16346153846153846
0 0.5528846153846154 0.6838942307692307 0.13701923076923078 0.18870192307692307
0 0.5084134615384616 0.8028846153846154 0.18870192307692307 0.15625
0 0.5060096153846154 0.8966346153846154 0.16947115384615385 0.11899038461538461
0 0.6598557692307693 0.7944711538461539 0.16947115384615385 0.1814903846153846
0 0.7379807692307693 0.8425480769230769 0.16947115384615385 0.16346153846153846
0 0.8581730769230769 0.8533653846153846 0.12740384615384615 0.14783653846153846
0 0.9399038461538461 0.8581730769230769 0.11899038461538461 0.19230769230769232