0 0.1875 0.12620192307692307 0.15745192307692307 0.15144230769230768
0 0.14302884615384615 0.22235576923076922 0.12379807692307693 0.13341346153846154
0 0.2764423076923077 0.20673076923076922 0.14182692307692307 0.15144230769230768
0 0.07091346153846154 0.15745192307692307 0.12379807692307693 0.15264423076923078
0 0.4495192307692308 0.16346153846153846 0.140625 0.12620192307692307
0 0.8064903846153846 0.30408653846153844 0.17067307692307693 0.1622596153846154
0 0.7115384615384616 0.3737980769230769 0.13701923076923078 0.13221153846153846
0 0.5925480769230769 0.4230769230769231 0.14423076923076922 0.17548076923076922
0 0.34375 0.42788461538461536 0.10817307692307693 0.12860576923076922
0 0.48197115384615385 0.47475961538461536 0.15625 0.15504807692307693
0 0.11177884615384616 0.4963942307692308 0.10336538461538461 0.10697115384615384
0 0.25961538461538464 0.5432692307692307 0.1346153846153846 0.14423076923076922
0 0.17668269230769232 0.6394230769230769 0.16346153846153846 0.17427884615384615
0 0.06850961538461539 0.6790865384615384 0.09615384615384616 0.11057692307692307
0 0.14903846153846154 0.8257211538461539 0.15264423076923078 0.1622596153846154
0 0.25240384615384615 0.7475961538461539 0.13701923076923078 0.16466346153846154
0 0.3581730769230769 0.6875 0.15504807692307693 0.17307692307692307
0 0.4855769230769231 0.6165865384615384 0.14302884615384615 0.16346153846153846
0 0.3245192307692308 0.8762019230769231 0.16466346153846154 0.17908653846153846
0 0.41947115384615385 0.7884615384615384 0.14302884615384615 0.16105769230769232
0 0.5456730769230769 0.7716346153846154 0.12740384615384615 0.16466346153846154
0 0.6646634615384616 0.9002403846153846 0.0829326923076923 0.08533653846153846
0 0.23798076923076922 0.9326923076923077 0.10096153846153846 0.125
0 0.8100961538461539 0.9254807692307693 0.1466346153846154 0.13942307692307693
0 0.7824519230769231 0.8149038461538461 0.17427884615384615 0.15865384615384615
0 0.8930288461538461 0.8629807692307693 0.11658653846153846 0.14182692307692307
0 0.6862980769230769 0.7091346153846154 0.17548076923076922 0.1875
0 0.8762019230769231 0.6923076923076923 0.1346153846153846 0.1502403846153846
0 0.6658653846153846 0.5060096153846154 0.1502403846153846 0.1658653846153846
0 0.8028846153846154 0.46153846153846156 0.15745192307692307 0.16826923076923078
0 0.7716346153846154 0.6045673076923077 0.06850961538461539 0.07451923076923077