0 0.07091346153846154 0.3076923076923077 0.0985576923076923 0.12379807692307693
0 0.16826923076923078 0.2439903846153846 0.11778846153846154 0.1346153846153846
0 0.2403846153846154 0.1658653846153846 0.12139423076923077 0.13942307692307693
0 0.32211538461538464 0.11177884615384616 0.15865384615384615 0.18509615384615385
0 0.18870192307692307 0.3449519230769231 0.13701923076923078 0.12620192307692307
0 0.29086538461538464 0.3233173076923077 0.08413461538461539 0.0829326923076923
0 0.4170673076923077 0.33413461538461536 0.17908653846153846 0.17427884615384615
0 0.40024038461538464 0.20192307692307693 0.17668269230769232 0.17067307692307693
0 0.5528846153846154 0.22355769230769232 0.16826923076923078 0.18990384615384615
0 0.6646634615384616 0.14182692307692307 0.07572115384615384 0.08173076923076923
0 0.6754807692307693 0.2548076923076923 0.0673076923076923 0.0829326923076923
0 0.8064903846153846 0.1622596153846154 0.15865384615384615 0.14182692307692307
0 0.7800480769230769 0.06370192307692307 0.17067307692307693 0.12740384615384615
0 0.9002403846153846 0.10336538461538461 0.11658653846153846 0.1466346153846154
0 0.8966346153846154 0.32572115384615385 0.09495192307692307 0.10817307692307693
0 0.7355769230769231 0.34615384615384615 0.1045673076923077 0.11778846153846154
0 0.5492788461538461 0.3870192307692308 0.11778846153846154 0.12980769230769232
0 0.6646634615384616 0.4567307692307692 0.14903846153846154 0.16105769230769232
0 0.7235576923076923 0.5336538461538461 0.12139423076923077 0.1201923076923077
0 0.8100961538461539 0.42908653846153844 0.0829326923076923 0.09615384615384616
0 0.8810096153846154 0.5096153846153846 0.1466346153846154 0.17307692307692307
0 0.2932692307692308 0.421875 0.11298076923076923 0.109375
0 0.38341346153846156 0.484375 0.1141826923076923 0.11899038461538461
0 0.20793269230769232 0.4807692307692308 0.125 0.13822115384615385
0 0.09975961538461539 0.5576923076923077 0.18629807692307693 0.19110576923076922
0 0.21634615384615385 0.6105769230769231 0.11298076923076923 0.1502403846153846
0 0.30408653846153844 0.5673076923076923 0.1310096153846154 0.17307692307692307
0 0.20793269230769232 0.7463942307692307 0.09975961538461539 0.12740384615384615
0 0.09975961538461539 0.8377403846153846 0.09134615384615384 0.10096153846153846
0 0.3329326923076923 0.7632211538461539 0.08774038461538461 0.0985576923076923
0 0.3389423076923077 0.9014423076923077 0.20552884615384615 0.1875
0 0.5420673076923077 0.890625 0.18990384615384615 0.18028846153846154
0 0.4579326923076923 0.7764423076923077 0.0625 0.07572115384615384
0 0.7043269230769231 0.7127403846153846 0.14543269230769232 0.17067307692307693
0 0.7223557692307693 0.8449519230769231 0.1622596153846154 0.1875
0 0.8533653846153846 0.8834134615384616 0.16826923076923078 0.18028846153846154
0 0.8293269230769231 0.7319711538461539 0.14302884615384615 0.1310096153846154