0 0.125 0.3173076923076923 0.14182692307692307 0.1622596153846154
0 0.20673076923076922 0.23677884615384615 0.1658653846153846 0.171875
0 0.27884615384615385 0.14423076923076922 0.16947115384615385 0.1935096153846154
0 0.5336538461538461 0.18269230769230768 0.10817307692307693 0.11298076923076923
0 0.3641826923076923 0.43509615384615385 0.14903846153846154 0.1778846153846154
0 0.47115384615384615 0.3125 0.08052884615384616 0.09735576923076923
0 0.6021634615384616 0.234375 0.14182692307692307 0.13221153846153846
0 0.6550480769230769 0.12620192307692307 0.11658653846153846 0.0889423076923077
0 0.7992788461538461 0.09254807692307693 0.17668269230769232 0.17067307692307693
0 0.9326923076923077 0.1310096153846154 0.1346153846153846 0.17067307692307693
0 0.8557692307692307 0.23317307692307693 0.14423076923076922 0.14423076923076922
0 0.7259615384615384 0.29086538461538464 0.1622596153846154 0.18269230769230768
0 0.5973557692307693 0.36538461538461536 0.14903846153846154 0.15384615384615385
0 0.47716346153846156 0.4495192307692308 0.14302884615384615 0.15504807692307693
0 0.3629807692307692 0.59375 0.12139423076923077 0.14302884615384615
0 0.4723557692307692 0.6081730769230769 0.1502403846153846 0.16105769230769232
0 0.5913461538461539 0.5276442307692307 0.1466346153846154 0.15264423076923078
0 0.6971153846153846 0.45913461538461536 0.13581730769230768 0.15384615384615385
0 0.8221153846153846 0.3894230769230769 0.13822115384615385 0.15384615384615385
0 0.9266826923076923 0.4831730769230769 0.1466346153846154 0.15384615384615385
0 0.7992788461538461 0.5528846153846154 0.14543269230769232 0.15985576923076922
0 0.6923076923076923 0.6165865384615384 0.14302884615384615 0.15384615384615385
0 0.5841346153846154 0.6742788461538461 0.14783653846153846 0.16105769230769232
0 0.4639423076923077 0.7475961538461539 0.14302884615384615 0.1466346153846154
0 0.9194711538461539 0.6502403846153846 0.06009615384615385 0.06971153846153846
0 0.7980769230769231 0.7103365384615384 0.12620192307692307 0.12379807692307693
0 0.5865384615384616 0.8689903846153846 0.13341346153846154 0.14423076923076922
0 0.8990384615384616 0.7908653846153846 0.12139423076923077 0.14423076923076922
0 0.8533653846153846 0.9254807692307693 0.15625 0.14783653846153846
0 0.23557692307692307 0.9038461538461539 0.15625 0.13822115384615385