0 0.8617788461538461 0.06971153846153846 0.09254807692307693 0.09615384615384616
0 0.6177884615384616 0.0733173076923077 0.13581730769230768 0.13942307692307693
0 0.7560096153846154 0.14423076923076922 0.0829326923076923 0.0889423076923077
0 0.9519230769230769 0.12379807692307693 0.057692307692307696 0.0673076923076923
0 0.8076923076923077 0.26322115384615385 0.11538461538461539 0.12259615384615384
0 0.41947115384615385 0.08413461538461539 0.09975961538461539 0.09615384615384616
0 0.6069711538461539 0.22115384615384615 0.18028846153846154 0.17908653846153846
0 0.7199519230769231 0.3449519230769231 0.0673076923076923 0.08413461538461539
0 0.7860576923076923 0.3858173076923077 0.1346153846153846 0.13341346153846154
0 0.8774038461538461 0.44350961538461536 0.14903846153846154 0.17307692307692307
0 0.8088942307692307 0.5276442307692307 0.13341346153846154 0.1346153846153846
0 0.9266826923076923 0.5853365384615384 0.13822115384615385 0.13221153846153846
0 0.6586538461538461 0.4338942307692308 0.1466346153846154 0.13581730769230768
0 0.5540865384615384 0.39783653846153844 0.15504807692307693 0.18870192307692307
0 0.6021634615384616 0.5300480769230769 0.1658653846153846 0.12139423076923077
0 0.7055288461538461 0.5889423076923077 0.1778846153846154 0.16466346153846154
0 0.7920673076923077 0.6574519230769231 0.18629807692307693 0.15384615384615385
0 0.8725961538461539 0.765625 0.1778846153846154 0.16826923076923078
0 0.22596153846153846 0.07211538461538461 0.11658653846153846 0.1201923076923077
0 0.32211538461538464 0.17307692307692307 0.08653846153846154 0.0829326923076923
0 0.20673076923076922 0.26802884615384615 0.16826923076923078 0.19230769230769232
0 0.28725961538461536 0.35216346153846156 0.17668269230769232 0.20552884615384615
0 0.37259615384615385 0.4699519230769231 0.12980769230769232 0.15264423076923078
0 0.43990384615384615 0.5829326923076923 0.11538461538461539 0.125
0 0.5144230769230769 0.6514423076923077 0.12980769230769232 0.17908653846153846
0 0.6045673076923077 0.6754807692307693 0.15264423076923078 0.17427884615384615
0 0.6322115384615384 0.8076923076923077 0.17548076923076922 0.18509615384615385
0 0.7824519230769231 0.8725961538461539 0.21634615384615385 0.2091346153846154
0 0.19110576923076922 0.44591346153846156 0.16706730769230768 0.171875
0 0.2668269230769231 0.5372596153846154 0.16346153846153846 0.16706730769230768
0 0.35216346153846156 0.6790865384615384 0.12980769230769232 0.15625
0 0.4639423076923077 0.8978365384615384 0.16826923076923078 0.20432692307692307
0 0.31009615384615385 0.890625 0.12139423076923077 0.1141826923076923
0 0.2644230769230769 0.7632211538461539 0.16947115384615385 0.17307692307692307
0 0.18509615384615385 0.6310096153846154 0.125 0.17668269230769232