0 0.09615384615384616 0.1346153846153846 0.171875 0.1971153846153846
0 0.07451923076923077 0.4074519230769231 0.11177884615384616 0.13822115384615385
0 0.18990384615384615 0.31490384615384615 0.10576923076923077 0.12620192307692307
0 0.26322115384615385 0.22956730769230768 0.13581730769230768 0.14543269230769232
0 0.390625 0.1310096153846154 0.1141826923076923 0.12740384615384615
0 0.5204326923076923 0.0889423076923077 0.14423076923076922 0.13822115384615385
0 0.5180288461538461 0.203125 0.18269230769230768 0.1502403846153846
0 0.5024038461538461 0.31850961538461536 0.15985576923076922 0.14423076923076922
0 0.6514423076923077 0.17307692307692307 0.07091346153846154 0.08052884615384616
0 0.34975961538461536 0.3641826923076923 0.12620192307692307 0.12620192307692307
0 0.2644230769230769 0.4362980769230769 0.13942307692307693 0.1310096153846154
0 0.16706730769230768 0.5096153846153846 0.10576923076923077 0.125
0 0.15144230769230768 0.6995192307692307 0.15985576923076922 0.15985576923076922
0 0.140625 0.8894230769230769 0.1466346153846154 0.12740384615384615
0 0.24158653846153846 0.7956730769230769 0.1778846153846154 0.1875
0 0.2512019230769231 0.6045673076923077 0.10576923076923077 0.1141826923076923
0 0.3401442307692308 0.5108173076923077 0.12980769230769232 0.12980769230769232
0 0.39903846153846156 0.44711538461538464 0.11658653846153846 0.13942307692307693
0 0.5048076923076923 0.43149038461538464 0.12980769230769232 0.13701923076923078
0 0.6622596153846154 0.28846153846153844 0.125 0.14302884615384615
0 0.6382211538461539 0.390625 0.109375 0.08774038461538461
0 0.671875 0.4831730769230769 0.13221153846153846 0.14302884615384615
0 0.3269230769230769 0.6754807692307693 0.11658653846153846 0.1201923076923077
0 0.39302884615384615 0.625 0.1201923076923077 0.12379807692307693
0 0.37259615384615385 0.7716346153846154 0.11057692307692307 0.12860576923076922
0 0.43028846153846156 0.7067307692307693 0.08052884615384616 0.12139423076923077
0 0.5060096153846154 0.7055288461538461 0.10697115384615384 0.12620192307692307
0 0.5012019230769231 0.8137019230769231 0.11177884615384616 0.10216346153846154
0 0.5036057692307693 0.921875 0.11057692307692307 0.11298076923076923
0 0.3016826923076923 0.8665865384615384 0.1310096153846154 0.14543269230769232
0 0.8822115384615384 0.41346153846153844 0.140625 0.1346153846153846
0 0.8954326923076923 0.5408653846153846 0.1502403846153846 0.14182692307692307
0 0.8942307692307693 0.7067307692307693 0.14302884615384615 0.1346153846153846
0 0.9435096153846154 0.6526442307692307 0.11177884615384616 0.1346153846153846
0 0.6899038461538461 0.6141826923076923 0.09615384615384616 0.11057692307692307
0 0.6586538461538461 0.7115384615384616 0.1201923076923077 0.1201923076923077
0 0.9146634615384616 0.8173076923076923 0.125 0.15504807692307693
0 0.8197115384615384 0.8966346153846154 0.20192307692307693 0.19951923076923078
0 0.6358173076923077 0.8052884615384616 0.12980769230769232 0.12980769230769232
0 0.6358173076923077 0.9158653846153846 0.13341346153846154 0.13701923076923078
0 0.3605769230769231 0.9543269230769231 0.11057692307692307 0.09134615384615384