0 0.7872596153846154 0.11057692307692307 0.20793269230769232 0.2091346153846154
0 0.8713942307692307 0.21033653846153846 0.18990384615384615 0.19951923076923078
0 0.46153846153846156 0.14182692307692307 0.17067307692307693 0.22716346153846154
0 0.5709134615384616 0.1935096153846154 0.12860576923076922 0.21153846153846154
0 0.6790865384615384 0.20793269230769232 0.19951923076923078 0.21394230769230768
0 0.7800480769230769 0.31850961538461536 0.1971153846153846 0.1658653846153846
0 0.8545673076923077 0.40024038461538464 0.18629807692307693 0.18269230769230768
0 0.3076923076923077 0.13221153846153846 0.12139423076923077 0.1201923076923077
0 0.3870192307692308 0.23076923076923078 0.15264423076923078 0.16826923076923078
0 0.4807692307692308 0.34615384615384615 0.19951923076923078 0.19591346153846154
0 0.5685096153846154 0.4170673076923077 0.12139423076923077 0.10697115384615384
0 0.6899038461538461 0.42427884615384615 0.19230769230769232 0.19110576923076922
0 0.7632211538461539 0.5228365384615384 0.13942307692307693 0.171875
0 0.8569711538461539 0.5841346153846154 0.19831730769230768 0.17427884615384615
0 0.9182692307692307 0.6923076923076923 0.1622596153846154 0.17908653846153846
0 0.46153846153846156 0.47836538461538464 0.15985576923076922 0.13822115384615385
0 0.5480769230769231 0.5540865384615384 0.13701923076923078 0.1310096153846154
0 0.6682692307692307 0.6177884615384616 0.17668269230769232 0.1875
0 0.7475961538461539 0.6814903846153846 0.18389423076923078 0.1658653846153846
0 0.8221153846153846 0.8028846153846154 0.19951923076923078 0.1875
0 0.9206730769230769 0.8846153846153846 0.15865384615384615 0.18990384615384615
0 0.7367788461538461 0.9026442307692307 0.16466346153846154 0.16826923076923078
0 0.6478365384615384 0.8088942307692307 0.18870192307692307 0.20072115384615385
0 0.3125 0.296875 0.171875 0.1875
0 0.23076923076923078 0.18990384615384615 0.109375 0.109375
0 0.20432692307692307 0.7055288461538461 0.21875 0.21995192307692307
0 0.21754807692307693 0.8112980769230769 0.140625 0.14302884615384615
0 0.21754807692307693 0.9098557692307693 0.12379807692307693 0.08052884615384616