0 0.11538461538461539 0.21394230769230768 0.1875 0.18990384615384615
0 0.20432692307692307 0.09134615384615384 0.17668269230769232 0.18028846153846154
0 0.8966346153846154 0.13701923076923078 0.15264423076923078 0.14543269230769232
0 0.7103365384615384 0.13822115384615385 0.17668269230769232 0.15384615384615385
0 0.7728365384615384 0.25721153846153844 0.125 0.13942307692307693
0 0.8353365384615384 0.3293269230769231 0.16947115384615385 0.1935096153846154
0 0.6021634615384616 0.08413461538461539 0.19471153846153846 0.16826923076923078
0 0.4074519230769231 0.0625 0.14783653846153846 0.125
0 0.49158653846153844 0.1875 0.2127403846153846 0.20673076923076922
0 0.5985576923076923 0.2548076923076923 0.203125 0.15625
0 0.6802884615384616 0.3605769230769231 0.14423076923076922 0.13221153846153846
0 0.7475961538461539 0.45552884615384615 0.17548076923076922 0.18629807692307693
0 0.8173076923076923 0.5552884615384616 0.13341346153846154 0.12980769230769232
0 0.30528846153846156 0.19230769230769232 0.17908653846153846 0.19110576923076922
0 0.21634615384615385 0.2956730769230769 0.13341346153846154 0.13221153846153846
0 0.11538461538461539 0.39783653846153844 0.18389423076923078 0.18509615384615385
0 0.4050480769230769 0.29447115384615385 0.1658653846153846 0.17668269230769232
0 0.29086538461538464 0.39302884615384615 0.18629807692307693 0.1814903846153846
0 0.1875 0.4699519230769231 0.1622596153846154 0.15144230769230768
0 0.10576923076923077 0.5853365384615384 0.18870192307692307 0.1658653846153846
0 0.4795673076923077 0.38341346153846156 0.18389423076923078 0.1778846153846154
0 0.38822115384615385 0.48197115384615385 0.20793269230769232 0.18870192307692307
0 0.28125 0.5757211538461539 0.1814903846153846 0.16826923076923078
0 0.171875 0.6959134615384616 0.1814903846153846 0.17427884615384615
0 0.5853365384615384 0.4735576923076923 0.16947115384615385 0.20432692307692307
0 0.48197115384615385 0.5673076923076923 0.203125 0.16466346153846154
0 0.38341346153846156 0.6875 0.20793269230769232 0.1971153846153846
0 0.2620192307692308 0.7992788461538461 0.1875 0.18389423076923078
0 0.1658653846153846 0.8786057692307693 0.15625 0.1935096153846154
0 0.35096153846153844 0.890625 0.15745192307692307 0.140625
0 0.4543269230769231 0.7944711538461539 0.15264423076923078 0.17427884615384615
0 0.5504807692307693 0.6766826923076923 0.19230769230769232 0.18990384615384615
0 0.6598557692307693 0.5637019230769231 0.15504807692307693 0.14423076923076922
0 0.7247596153846154 0.6310096153846154 0.14302884615384615 0.14903846153846154
0 0.6334134615384616 0.7487980769230769 0.16947115384615385 0.14182692307692307
0 0.5480769230769231 0.8509615384615384 0.13221153846153846 0.1658653846153846
0 0.7235576923076923 0.8497596153846154 0.17548076923076922 0.20673076923076922
0 0.8185096153846154 0.7475961538461539 0.21514423076923078 0.234375