0 0.24158653846153846 0.16105769230769232 0.1658653846153846 0.18269230769230768
0 0.4170673076923077 0.1778846153846154 0.1658653846153846 0.18870192307692307
0 0.13701923076923078 0.28725961538461536 0.16706730769230768 0.17908653846153846
0 0.21153846153846154 0.38221153846153844 0.17668269230769232 0.1658653846153846
0 0.11899038461538461 0.4951923076923077 0.12740384615384615 0.13701923076923078
0 0.11538461538461539 0.6598557692307693 0.14543269230769232 0.16466346153846154
0 0.2824519230769231 0.5 0.21514423076923078 0.19471153846153846
0 0.31850961538461536 0.2776442307692308 0.1778846153846154 0.1814903846153846
0 0.4026442307692308 0.359375 0.1201923076923077 0.1346153846153846
0 0.47716346153846156 0.484375 0.18990384615384615 0.15625
0 0.38100961538461536 0.625 0.16105769230769232 0.13822115384615385
0 0.265625 0.6826923076923077 0.16706730769230768 0.19230769230769232
0 0.6009615384615384 0.17908653846153846 0.21394230769230768 0.17548076923076922
0 0.8197115384615384 0.171875 0.11057692307692307 0.125
0 0.6911057692307693 0.265625 0.19471153846153846 0.19471153846153846
0 0.5709134615384616 0.36658653846153844 0.20432692307692307 0.15985576923076922
0 0.65625 0.484375 0.19471153846153846 0.171875
0 0.5637019230769231 0.6117788461538461 0.18990384615384615 0.16466346153846154
0 0.43990384615384615 0.7067307692307693 0.1346153846153846 0.1346153846153846
0 0.15625 0.7872596153846154 0.18389423076923078 0.171875
0 0.07211538461538461 0.8509615384615384 0.14423076923076922 0.171875
0 0.23317307692307693 0.890625 0.1971153846153846 0.14423076923076922
0 0.3473557692307692 0.8040865384615384 0.1814903846153846 0.15745192307692307
0 0.42908653846153844 0.8894230769230769 0.16826923076923078 0.17067307692307693
0 0.5408653846153846 0.7680288461538461 0.16826923076923078 0.17427884615384615
0 0.6081730769230769 0.8822115384615384 0.16105769230769232 0.15865384615384615
0 0.703125 0.7572115384615384 0.15865384615384615 0.15504807692307693
0 0.6346153846153846 0.671875 0.12980769230769232 0.14903846153846154
0 0.7367788461538461 0.5757211538461539 0.15504807692307693 0.15384615384615385
0 0.7620192307692307 0.36658653846153844 0.16346153846153846 0.16706730769230768
0 0.8497596153846154 0.47475961538461536 0.17307692307692307 0.15264423076923078
0 0.8737980769230769 0.2764423076923077 0.1875 0.19230769230769232
0 0.7908653846153846 0.8762019230769231 0.140625 0.16706730769230768