0 0.1310096153846154 0.06850961538461539 0.14903846153846154 0.1346153846153846
0 0.1814903846153846 0.1502403846153846 0.12620192307692307 0.12259615384615384
0 0.16346153846153846 0.25240384615384615 0.16466346153846154 0.16105769230769232
0 0.15985576923076922 0.41466346153846156 0.17307692307692307 0.20552884615384615
0 0.31009615384615385 0.28125 0.16105769230769232 0.1971153846153846
0 0.296875 0.14903846153846154 0.14423076923076922 0.13701923076923078
0 0.4495192307692308 0.15865384615384615 0.15985576923076922 0.1778846153846154
0 0.3016826923076923 0.46634615384615385 0.19471153846153846 0.19471153846153846
0 0.5564903846153846 0.24759615384615385 0.16706730769230768 0.1814903846153846
0 0.43149038461538464 0.328125 0.13822115384615385 0.18389423076923078
0 0.41586538461538464 0.5096153846153846 0.17668269230769232 0.20793269230769232
0 0.5348557692307693 0.4170673076923077 0.15625 0.1778846153846154
0 0.6466346153846154 0.3076923076923077 0.140625 0.13822115384615385
0 0.7295673076923077 0.38822115384615385 0.17668269230769232 0.20552884615384615
0 0.640625 0.5216346153846154 0.21033653846153846 0.20552884615384615
0 0.6286057692307693 0.6875 0.22355769230769232 0.20192307692307693
0 0.7644230769230769 0.6045673076923077 0.16466346153846154 0.23557692307692307
0 0.8918269230769231 0.6213942307692307 0.13942307692307693 0.17548076923076922
0 0.8569711538461539 0.47475961538461536 0.15865384615384615 0.17427884615384615
0 0.890625 0.7728365384615384 0.1466346153846154 0.16346153846153846
0 0.7548076923076923 0.7680288461538461 0.08173076923076923 0.09735576923076923
0 0.17427884615384615 0.625 0.1658653846153846 0.1935096153846154
0 0.2764423076923077 0.6959134615384616 0.15384615384615385 0.2127403846153846
0 0.37740384615384615 0.7776442307692307 0.18389423076923078 0.23197115384615385
0 0.5144230769230769 0.8377403846153846 0.17668269230769232 0.2247596153846154
0 0.6394230769230769 0.8701923076923077 0.16706730769230768 0.2127403846153846
0 0.7668269230769231 0.9050480769230769 0.16346153846153846 0.18990384615384615
0 0.140625 0.8112980769230769 0.1658653846153846 0.17067307692307693