0 0.2668269230769231 0.12860576923076922 0.20673076923076922 0.1971153846153846
0 0.3485576923076923 0.25721153846153844 0.18629807692307693 0.16826923076923078
0 0.4483173076923077 0.14182692307692307 0.19951923076923078 0.19110576923076922
0 0.5456730769230769 0.21153846153846154 0.16947115384615385 0.13701923076923078
0 0.4338942307692308 0.3233173076923077 0.13822115384615385 0.14543269230769232
0 0.5841346153846154 0.3389423076923077 0.17908653846153846 0.1778846153846154
0 0.6442307692307693 0.1141826923076923 0.171875 0.17427884615384615
0 0.7163461538461539 0.21634615384615385 0.19471153846153846 0.20072115384615385
0 0.8269230769230769 0.09615384615384616 0.15504807692307693 0.18028846153846154
0 0.9098557692307693 0.21995192307692307 0.18028846153846154 0.20432692307692307
0 0.09495192307692307 0.47716346153846156 0.18629807692307693 0.16706730769230768
0 0.125 0.6177884615384616 0.15384615384615385 0.17307692307692307
0 0.25600961538461536 0.7259615384615384 0.17908653846153846 0.1935096153846154
0 0.12620192307692307 0.7704326923076923 0.14302884615384615 0.15865384615384615
0 0.43028846153846156 0.640625 0.140625 0.18269230769230768
0 0.5384615384615384 0.6550480769230769 0.13341346153846154 0.1814903846153846
0 0.5384615384615384 0.7896634615384616 0.1622596153846154 0.18509615384615385
0 0.625 0.8725961538461539 0.1502403846153846 0.171875
0 0.6574519230769231 0.7415865384615384 0.14783653846153846 0.16346153846153846
0 0.6754807692307693 0.625 0.16105769230769232 0.14783653846153846
0 0.7788461538461539 0.6959134615384616 0.14182692307692307 0.17067307692307693
0 0.8665865384615384 0.6442307692307693 0.11899038461538461 0.16826923076923078
0 0.7548076923076923 0.8341346153846154 0.18269230769230768 0.15985576923076922
0 0.8521634615384616 0.9266826923076923 0.15144230769230768 0.11899038461538461