0 0.07451923076923077 0.09735576923076923 0.14423076923076922 0.1778846153846154
0 0.24879807692307693 0.13221153846153846 0.15985576923076922 0.14423076923076922
0 0.42427884615384615 0.13221153846153846 0.16826923076923078 0.18870192307692307
0 0.6081730769230769 0.125 0.1658653846153846 0.1502403846153846
0 0.7944711538461539 0.1141826923076923 0.1346153846153846 0.16826923076923078
0 0.14783653846153846 0.22235576923076922 0.16947115384615385 0.19831730769230768
0 0.3161057692307692 0.24158653846153846 0.18509615384615385 0.21153846153846154
0 0.5 0.24278846153846154 0.14903846153846154 0.15985576923076922
0 0.10336538461538461 0.6418269230769231 0.12740384615384615 0.17548076923076922
0 0.20072115384615385 0.6526442307692307 0.11057692307692307 0.15985576923076922
0 0.17668269230769232 0.7872596153846154 0.18028846153846154 0.17908653846153846
0 0.29927884615384615 0.8942307692307693 0.19831730769230768 0.18990384615384615
0 0.09615384615384616 0.9074519230769231 0.14423076923076922 0.15384615384615385
0 0.43509615384615385 0.5504807692307693 0.16346153846153846 0.1935096153846154
0 0.46033653846153844 0.7079326923076923 0.18870192307692307 0.20793269230769232
0 0.49038461538461536 0.8665865384615384 0.16346153846153846 0.16947115384615385
0 0.6598557692307693 0.8473557692307693 0.19591346153846154 0.14423076923076922
0 0.5973557692307693 0.7307692307692307 0.14423076923076922 0.17548076923076922
0 0.5805288461538461 0.5949519230769231 0.1502403846153846 0.16346153846153846
0 0.6670673076923077 0.4951923076923077 0.17427884615384615 0.15264423076923078
0 0.6983173076923077 0.6081730769230769 0.14903846153846154 0.16346153846153846
0 0.7956730769230769 0.46153846153846156 0.1466346153846154 0.13581730769230768
0 0.8257211538461539 0.5913461538461539 0.16466346153846154 0.171875
0 0.7295673076923077 0.7800480769230769 0.15504807692307693 0.17908653846153846
0 0.7920673076923077 0.6995192307692307 0.1935096153846154 0.17668269230769232