0 0.10697115384615384 0.1875 0.16105769230769232 0.15384615384615385
0 0.21754807692307693 0.25961538461538464 0.14903846153846154 0.15625
0 0.6262019230769231 0.09735576923076923 0.18870192307692307 0.1935096153846154
0 0.7692307692307693 0.14783653846153846 0.15985576923076922 0.19110576923076922
0 0.6646634615384616 0.3004807692307692 0.078125 0.07692307692307693
0 0.35216346153846156 0.29927884615384615 0.12740384615384615 0.13942307692307693
0 0.4723557692307692 0.3713942307692308 0.17548076923076922 0.14543269230769232
0 0.6057692307692307 0.42427884615384615 0.17908653846153846 0.19230769230769232
0 0.7355769230769231 0.46153846153846156 0.17067307692307693 0.16826923076923078
0 0.8870192307692307 0.4639423076923077 0.12980769230769232 0.125
0 0.12860576923076922 0.3425480769230769 0.16466346153846154 0.16105769230769232
0 0.25841346153846156 0.3942307692307692 0.140625 0.15264423076923078
0 0.3449519230769231 0.4411057692307692 0.140625 0.16826923076923078
0 0.47115384615384615 0.5024038461538461 0.17067307692307693 0.16466346153846154
0 0.5817307692307693 0.5757211538461539 0.1778846153846154 0.16947115384615385
0 0.7079326923076923 0.6165865384615384 0.14182692307692307 0.1622596153846154
0 0.8245192307692307 0.6346153846153846 0.13822115384615385 0.13341346153846154
0 0.10216346153846154 0.48197115384615385 0.12620192307692307 0.1346153846153846
0 0.21033653846153846 0.5348557692307693 0.13942307692307693 0.16466346153846154
0 0.3233173076923077 0.5913461538461539 0.13822115384615385 0.14783653846153846
0 0.39302884615384615 0.6634615384615384 0.15264423076923078 0.13341346153846154
0 0.5072115384615384 0.7151442307692307 0.1466346153846154 0.14783653846153846
0 0.5997596153846154 0.75 0.17548076923076922 0.13942307692307693
0 0.7115384615384616 0.7992788461538461 0.11658653846153846 0.14903846153846154
0 0.8882211538461539 0.8665865384615384 0.16706730769230768 0.15865384615384615
0 0.13701923076923078 0.6766826923076923 0.16947115384615385 0.1875
0 0.25240384615384615 0.7355769230769231 0.08774038461538461 0.109375
0 0.3605769230769231 0.8088942307692307 0.1622596153846154 0.19951923076923078
0 0.4567307692307692 0.8737980769230769 0.12740384615384615 0.18028846153846154
0 0.5973557692307693 0.9110576923076923 0.18028846153846154 0.17668269230769232