0 0.09615384615384616 0.1466346153846154 0.15745192307692307 0.15865384615384615
0 0.1310096153846154 0.28125 0.18870192307692307 0.15504807692307693
0 0.21875 0.18990384615384615 0.13581730769230768 0.1622596153846154
0 0.2980769230769231 0.1310096153846154 0.19471153846153846 0.19831730769230768
0 0.20673076923076922 0.34375 0.15144230769230768 0.140625
0 0.1622596153846154 0.44350961538461536 0.14302884615384615 0.14302884615384615
0 0.26802884615384615 0.4579326923076923 0.1466346153846154 0.17908653846153846
0 0.32091346153846156 0.3088942307692308 0.1658653846153846 0.15865384615384615
0 0.375 0.41225961538461536 0.15625 0.1141826923076923
0 0.4110576923076923 0.2127403846153846 0.15384615384615385 0.13822115384615385
0 0.4362980769230769 0.3317307692307692 0.11177884615384616 0.125
0 0.33052884615384615 0.5853365384615384 0.21033653846153846 0.16346153846153846
0 0.43149038461538464 0.5360576923076923 0.15625 0.1622596153846154
0 0.4879807692307692 0.4483173076923077 0.11298076923076923 0.12740384615384615
0 0.5588942307692307 0.42908653846153844 0.08774038461538461 0.15865384615384615
0 0.5372596153846154 0.5757211538461539 0.12139423076923077 0.1201923076923077
0 0.5252403846153846 0.6574519230769231 0.18990384615384615 0.13822115384615385
0 0.5180288461538461 0.7584134615384616 0.16826923076923078 0.13822115384615385
0 0.6466346153846154 0.7776442307692307 0.13822115384615385 0.1658653846153846
0 0.5925480769230769 0.8870192307692307 0.16346153846153846 0.16466346153846154
0 0.7439903846153846 0.8786057692307693 0.16346153846153846 0.20432692307692307
0 0.7668269230769231 0.6826923076923077 0.18389423076923078 0.19110576923076922
0 0.6213942307692307 0.5372596153846154 0.11298076923076923 0.13942307692307693
0 0.49038461538461536 0.10216346153846154 0.1658653846153846 0.171875
0 0.6646634615384616 0.08653846153846154 0.1935096153846154 0.15264423076923078
0 0.640625 0.22235576923076922 0.24639423076923078 0.1935096153846154
0 0.7055288461538461 0.32572115384615385 0.203125 0.18990384615384615
0 0.7716346153846154 0.39903846153846156 0.1875 0.18870192307692307
0 0.8088942307692307 0.1778846153846154 0.15865384615384615 0.20432692307692307
0 0.859375 0.8822115384615384 0.1201923076923077 0.14543269230769232
0 0.875 0.47596153846153844 0.0733173076923077 0.08413461538461539