0 0.8245192307692307 0.10697115384615384 0.16466346153846154 0.18269230769230768
0 0.39783653846153844 0.09975961538461539 0.14423076923076922 0.13701923076923078
0 0.625 0.19230769230769232 0.12620192307692307 0.12139423076923077
0 0.7524038461538461 0.2644230769230769 0.10817307692307693 0.1045673076923077
0 0.4639423076923077 0.2403846153846154 0.1346153846153846 0.14302884615384615
0 0.5360576923076923 0.2956730769230769 0.10817307692307693 0.1201923076923077
0 0.6418269230769231 0.36658653846153844 0.14302884615384615 0.15384615384615385
0 0.7463942307692307 0.4170673076923077 0.12740384615384615 0.11298076923076923
0 0.796875 0.5 0.08413461538461539 0.11057692307692307
0 0.8810096153846154 0.53125 0.09735576923076923 0.11057692307692307
0 0.30408653846153844 0.5985576923076923 0.14302884615384615 0.15625
0 0.5805288461538461 0.7223557692307693 0.15745192307692307 0.13581730769230768
0 0.7836538461538461 0.7415865384615384 0.15985576923076922 0.15264423076923078
0 0.25240384615384615 0.2776442307692308 0.09615384615384616 0.0985576923076923
0 0.8858173076923077 0.765625 0.11538461538461539 0.11298076923076923