0 0.13701923076923078 0.10817307692307693 0.17067307692307693 0.16346153846153846
0 0.24759615384615385 0.1310096153846154 0.12139423076923077 0.15144230769230768
0 0.3401442307692308 0.12740384615384615 0.10216346153846154 0.14423076923076922
0 0.41947115384615385 0.12139423076923077 0.12379807692307693 0.13581730769230768
0 0.5372596153846154 0.12379807692307693 0.13701923076923078 0.14182692307692307
0 0.6490384615384616 0.11899038461538461 0.12980769230769232 0.14783653846153846
0 0.7415865384615384 0.16466346153846154 0.16706730769230768 0.1814903846153846
0 0.8497596153846154 0.2127403846153846 0.171875 0.21153846153846154
0 0.17668269230769232 0.25240384615384615 0.16105769230769232 0.16466346153846154
0 0.30408653846153844 0.24278846153846154 0.12740384615384615 0.12860576923076922
0 0.4326923076923077 0.22235576923076922 0.13822115384615385 0.11057692307692307
0 0.5661057692307693 0.23317307692307693 0.15625 0.11177884615384616
0 0.14543269230769232 0.36177884615384615 0.13701923076923078 0.13341346153846154
0 0.29927884615384615 0.34615384615384615 0.14903846153846154 0.13942307692307693
0 0.43149038461538464 0.3329326923076923 0.14182692307692307 0.14543269230769232
0 0.5516826923076923 0.35096153846153844 0.14903846153846154 0.15144230769230768
0 0.6838942307692307 0.4387019230769231 0.14543269230769232 0.15264423076923078
0 0.8088942307692307 0.5120192307692307 0.15384615384615385 0.16947115384615385
0 0.29086538461538464 0.4855769230769231 0.16706730769230768 0.15264423076923078
0 0.41346153846153844 0.4735576923076923 0.1466346153846154 0.14783653846153846
0 0.5252403846153846 0.5060096153846154 0.15144230769230768 0.15745192307692307
0 0.6514423076923077 0.5721153846153846 0.15144230769230768 0.171875
0 0.7451923076923077 0.6466346153846154 0.17668269230769232 0.15865384615384615
0 0.11899038461538461 0.6730769230769231 0.171875 0.18870192307692307
0 0.23197115384615385 0.6670673076923077 0.1201923076923077 0.15865384615384615
0 0.36778846153846156 0.6526442307692307 0.14182692307692307 0.16947115384615385
0 0.4795673076923077 0.6778846153846154 0.125 0.14543269230769232
0 0.5829326923076923 0.7235576923076923 0.16346153846153846 0.18028846153846154
0 0.7548076923076923 0.828125 0.12379807692307693 0.12259615384615384
0 0.8461538461538461 0.8665865384615384 0.11778846153846154 0.14302884615384615
0 0.18028846153846154 0.8521634615384616 0.15625 0.18509615384615385
0 0.4230769230769231 0.8701923076923077 0.14182692307692307 0.14423076923076922
0 0.5612980769230769 0.9326923076923077 0.1346153846153846 0.13341346153846154