0 0.16105769230769232 0.25600961538461536 0.18028846153846154 0.18269230769230768
0 0.30408653846153844 0.21754807692307693 0.13942307692307693 0.1346153846153846
0 0.4387019230769231 0.2091346153846154 0.16466346153846154 0.13221153846153846
0 0.5600961538461539 0.21153846153846154 0.13341346153846154 0.1622596153846154
0 0.6778846153846154 0.25721153846153844 0.15745192307692307 0.18509615384615385
0 0.8064903846153846 0.23557692307692307 0.15625 0.16346153846153846
0 0.11057692307692307 0.5372596153846154 0.15625 0.18389423076923078
0 0.16346153846153846 0.41586538461538464 0.14783653846153846 0.15985576923076922
0 0.28966346153846156 0.36778846153846156 0.16466346153846154 0.1622596153846154
0 0.4254807692307692 0.3485576923076923 0.14903846153846154 0.17067307692307693
0 0.5372596153846154 0.3449519230769231 0.12740384615384615 0.11057692307692307
0 0.6502403846153846 0.3918269230769231 0.14182692307692307 0.15625
0 0.7596153846153846 0.4098557692307692 0.16947115384615385 0.171875
0 0.8930288461538461 0.32572115384615385 0.14182692307692307 0.14182692307692307
0 0.8713942307692307 0.4735576923076923 0.1346153846153846 0.16346153846153846
0 0.2548076923076923 0.49278846153846156 0.09254807692307693 0.09615384615384616
0 0.36899038461538464 0.4651442307692308 0.0889423076923077 0.09134615384615384
0 0.4879807692307692 0.4891826923076923 0.11057692307692307 0.10336538461538461
0 0.6117788461538461 0.5180288461538461 0.11298076923076923 0.10096153846153846
0 0.7067307692307693 0.5985576923076923 0.1658653846153846 0.21754807692307693
0 0.8209134615384616 0.6538461538461539 0.18990384615384615 0.17668269230769232
0 0.8930288461538461 0.78125 0.16826923076923078 0.15625
0 0.37740384615384615 0.8605769230769231 0.20072115384615385 0.21033653846153846
0 0.5132211538461539 0.8557692307692307 0.1658653846153846 0.17908653846153846