0 0.17668269230769232 0.0889423076923077 0.16105769230769232 0.16826923076923078
0 0.09735576923076923 0.24519230769230768 0.12980769230769232 0.15144230769230768
0 0.21875 0.23197115384615385 0.13701923076923078 0.14903846153846154
0 0.42908653846153844 0.10096153846153846 0.17067307692307693 0.17307692307692307
0 0.3557692307692308 0.24519230769230768 0.13942307692307693 0.14543269230769232
0 0.06490384615384616 0.36899038461538464 0.11658653846153846 0.12860576923076922
0 0.18389423076923078 0.3713942307692308 0.13581730769230768 0.15745192307692307
0 0.28966346153846156 0.3737980769230769 0.125 0.14783653846153846
0 0.3954326923076923 0.390625 0.14302884615384615 0.1466346153846154
0 0.5072115384615384 0.3918269230769231 0.11538461538461539 0.12980769230769232
0 0.5 0.2776442307692308 0.17668269230769232 0.15144230769230768
0 0.5637019230769231 0.17067307692307693 0.13701923076923078 0.13341346153846154
0 0.625 0.2644230769230769 0.07451923076923077 0.10336538461538461
0 0.6983173076923077 0.28966346153846156 0.140625 0.11298076923076923
0 0.7584134615384616 0.06490384615384616 0.11177884615384616 0.1201923076923077
0 0.8485576923076923 0.109375 0.1201923076923077 0.14182692307692307
0 0.875 0.3125 0.16466346153846154 0.16826923076923078
0 0.6141826923076923 0.4182692307692308 0.09975961538461539 0.13341346153846154
0 0.7199519230769231 0.39783653846153844 0.10336538461538461 0.1310096153846154
0 0.8257211538461539 0.421875 0.109375 0.1201923076923077
0 0.8389423076923077 0.7103365384615384 0.10576923076923077 0.15504807692307693
0 0.7487980769230769 0.6971153846153846 0.11538461538461539 0.1622596153846154
0 0.6442307692307693 0.6947115384615384 0.1201923076923077 0.16346153846153846
0 0.46875 0.8713942307692307 0.15504807692307693 0.16947115384615385
0 0.2860576923076923 0.8497596153846154 0.15264423076923078 0.1201923076923077
0 0.3762019230769231 0.796875 0.1310096153846154 0.12980769230769232
0 0.19831730769230768 0.9362980769230769 0.12259615384615384 0.1201923076923077
0 0.11538461538461539 0.8521634615384616 0.12259615384615384 0.13822115384615385
0 0.21033653846153846 0.7788461538461539 0.12259615384615384 0.14783653846153846
0 0.14182692307692307 0.6850961538461539 0.14423076923076922 0.15384615384615385