0 0.1971153846153846 0.11298076923076923 0.20072115384615385 0.14783653846153846
0 0.4014423076923077 0.16105769230769232 0.17908653846153846 0.12379807692307693
0 0.5096153846153846 0.13341346153846154 0.12740384615384615 0.16947115384615385
0 0.6153846153846154 0.109375 0.14302884615384615 0.16346153846153846
0 0.7427884615384616 0.18028846153846154 0.16947115384615385 0.171875
0 0.8737980769230769 0.0889423076923077 0.15144230769230768 0.14302884615384615
0 0.8581730769230769 0.17668269230769232 0.125 0.1310096153846154
0 0.09134615384615384 0.33533653846153844 0.16466346153846154 0.17307692307692307
0 0.16947115384615385 0.42788461538461536 0.13701923076923078 0.15144230769230768
0 0.265625 0.3762019230769231 0.15264423076923078 0.16826923076923078
0 0.3016826923076923 0.5132211538461539 0.15504807692307693 0.15144230769230768
0 0.39663461538461536 0.4519230769230769 0.14783653846153846 0.140625
0 0.47716346153846156 0.3894230769230769 0.15144230769230768 0.12740384615384615
0 0.6213942307692307 0.4098557692307692 0.18509615384615385 0.18389423076923078
0 0.5456730769230769 0.5096153846153846 0.18870192307692307 0.18028846153846154
0 0.7223557692307693 0.49759615384615385 0.14903846153846154 0.14543269230769232
0 0.7956730769230769 0.41346153846153844 0.14903846153846154 0.15745192307692307
0 0.8954326923076923 0.4338942307692308 0.12139423076923077 0.14903846153846154
0 0.8365384615384616 0.5661057692307693 0.140625 0.16466346153846154
0 0.7463942307692307 0.6358173076923077 0.17668269230769232 0.15504807692307693
0 0.8365384615384616 0.7379807692307693 0.16105769230769232 0.19591346153846154
0 0.8966346153846154 0.8689903846153846 0.171875 0.140625
0 0.7223557692307693 0.7896634615384616 0.14543269230769232 0.14783653846153846
0 0.6262019230769231 0.75 0.14903846153846154 0.1971153846153846
0 0.5252403846153846 0.6550480769230769 0.12740384615384615 0.13221153846153846
0 0.4206730769230769 0.5877403846153846 0.13701923076923078 0.171875
0 0.640625 0.8954326923076923 0.15504807692307693 0.14543269230769232
0 0.1814903846153846 0.5480769230769231 0.15745192307692307 0.16706730769230768
0 0.1814903846153846 0.6658653846153846 0.14783653846153846 0.13942307692307693
0 0.15625 0.7884615384615384 0.171875 0.16826923076923078
0 0.3173076923076923 0.6286057692307693 0.15264423076923078 0.15144230769230768
0 0.41346153846153844 0.7259615384615384 0.15745192307692307 0.15745192307692307
0 0.30649038461538464 0.7475961538461539 0.16346153846153846 0.15264423076923078
0 0.3918269230769231 0.8557692307692307 0.1875 0.16947115384615385
0 0.4879807692307692 0.7896634615384616 0.14423076923076922 0.15144230769230768
0 0.4963942307692308 0.9266826923076923 0.14783653846153846 0.14423076923076922
0 0.27163461538461536 0.8473557692307693 0.15625 0.20793269230769232
0 0.3293269230769231 0.09134615384615384 0.14903846153846154 0.18269230769230768
0 0.9194711538461539 0.6298076923076923 0.12860576923076922 0.16346153846153846