0 0.15504807692307693 0.12379807692307693 0.14423076923076922 0.12620192307692307
0 0.4170673076923077 0.10576923076923077 0.17427884615384615 0.15985576923076922
0 0.546875 0.171875 0.13341346153846154 0.10697115384615384
0 0.5420673076923077 0.078125 0.13581730769230768 0.11658653846153846
0 0.6670673076923077 0.078125 0.12620192307692307 0.15504807692307693
0 0.6935096153846154 0.18028846153846154 0.1201923076923077 0.10576923076923077
0 0.828125 0.171875 0.12620192307692307 0.15865384615384615
0 0.9302884615384616 0.13822115384615385 0.13942307692307693 0.16105769230769232
0 0.11298076923076923 0.25 0.10697115384615384 0.1201923076923077
0 0.23798076923076922 0.27403846153846156 0.1201923076923077 0.1201923076923077
0 0.3713942307692308 0.265625 0.11899038461538461 0.12139423076923077
0 0.484375 0.2980769230769231 0.11177884615384616 0.11177884615384616
0 0.7127403846153846 0.3401442307692308 0.12379807692307693 0.12620192307692307
0 0.7992788461538461 0.3786057692307692 0.14302884615384615 0.17427884615384615
0 0.9194711538461539 0.43149038461538464 0.15865384615384615 0.15264423076923078
0 0.08533653846153846 0.3737980769230769 0.13822115384615385 0.14302884615384615
0 0.19230769230769232 0.37740384615384615 0.140625 0.14423076923076922
0 0.30649038461538464 0.38100961538461536 0.13341346153846154 0.18629807692307693
0 0.4050480769230769 0.4074519230769231 0.1346153846153846 0.19110576923076922
0 0.5300480769230769 0.4423076923076923 0.1310096153846154 0.19110576923076922
0 0.6394230769230769 0.4735576923076923 0.11538461538461539 0.14783653846153846
0 0.7295673076923077 0.5060096153846154 0.1310096153846154 0.14423076923076922
0 0.8209134615384616 0.5456730769230769 0.13942307692307693 0.15865384615384615
0 0.9050480769230769 0.6225961538461539 0.15865384615384615 0.14423076923076922
0 0.16826923076923078 0.5048076923076923 0.16105769230769232 0.13822115384615385
0 0.3125 0.5276442307692307 0.171875 0.13221153846153846
0 0.4170673076923077 0.5444711538461539 0.10096153846153846 0.125
0 0.5336538461538461 0.6069711538461539 0.15985576923076922 0.15625
0 0.6778846153846154 0.6334134615384616 0.14423076923076922 0.16706730769230768
0 0.7716346153846154 0.6995192307692307 0.15865384615384615 0.18509615384615385
0 0.8377403846153846 0.7980769230769231 0.14302884615384615 0.14903846153846154
0 0.8689903846153846 0.9266826923076923 0.18269230769230768 0.1466346153846154
0 0.6418269230769231 0.8052884615384616 0.19230769230769232 0.19230769230769232
0 0.5396634615384616 0.7379807692307693 0.13942307692307693 0.1658653846153846
0 0.4098557692307692 0.6742788461538461 0.13341346153846154 0.16105769230769232
0 0.31490384615384615 0.6430288461538461 0.14543269230769232 0.1310096153846154
0 0.19110576923076922 0.6358173076923077 0.14302884615384615 0.16706730769230768
0 0.14182692307692307 0.7872596153846154 0.16105769230769232 0.16947115384615385
0 0.29447115384615385 0.7800480769230769 0.17067307692307693 0.16346153846153846
0 0.41346153846153844 0.7920673076923077 0.14423076923076922 0.15144230769230768
0 0.4675480769230769 0.8737980769230769 0.16826923076923078 0.16826923076923078