0 0.08653846153846154 0.09615384615384616 0.15384615384615385 0.16346153846153846
0 0.07572115384615384 0.2247596153846154 0.15144230769230768 0.15625
0 0.07451923076923077 0.35216346153846156 0.14903846153846154 0.18509615384615385
0 0.20432692307692307 0.09134615384615384 0.1778846153846154 0.15865384615384615
0 0.19471153846153846 0.22716346153846154 0.1778846153846154 0.18028846153846154
0 0.1935096153846154 0.36658653846153844 0.15625 0.1658653846153846
0 0.16346153846153846 0.4879807692307692 0.14903846153846154 0.16346153846153846
0 0.12740384615384615 0.6069711538461539 0.1778846153846154 0.17548076923076922
0 0.07932692307692307 0.7199519230769231 0.14903846153846154 0.1658653846153846
0 0.3245192307692308 0.11057692307692307 0.15384615384615385 0.15384615384615385
0 0.33774038461538464 0.22956730769230768 0.18990384615384615 0.15625
0 0.3485576923076923 0.33533653846153844 0.18269230769230768 0.15625
0 0.32091346153846156 0.4387019230769231 0.18509615384615385 0.18028846153846154
0 0.28365384615384615 0.5649038461538461 0.20192307692307693 0.20192307692307693
0 0.25841346153846156 0.7115384615384616 0.18509615384615385 0.20673076923076922
0 0.1935096153846154 0.84375 0.15144230769230768 0.15384615384615385
0 0.36538461538461536 0.7860576923076923 0.16346153846153846 0.18269230769230768
0 0.35216346153846156 0.8978365384615384 0.17067307692307693 0.12740384615384615
0 0.5 0.07572115384615384 0.20192307692307693 0.15144230769230768
0 0.5204326923076923 0.19230769230769232 0.2091346153846154 0.1778846153846154
0 0.53125 0.31850961538461536 0.18990384615384615 0.17067307692307693
0 0.48677884615384615 0.4387019230769231 0.18629807692307693 0.1814903846153846
0 0.5132211538461539 0.5516826923076923 0.17548076923076922 0.17908653846153846
0 0.6394230769230769 0.5829326923076923 0.1622596153846154 0.22956730769230768
0 0.6875 0.7776442307692307 0.2091346153846154 0.19471153846153846
0 0.6346153846153846 0.8701923076923077 0.18269230769230768 0.15384615384615385
0 0.7427884615384616 0.9290865384615384 0.1502403846153846 0.14182692307692307
0 0.6983173076923077 0.1935096153846154 0.1502403846153846 0.16826923076923078
0 0.6983173076923077 0.31009615384615385 0.17908653846153846 0.1466346153846154
0 0.7355769230769231 0.42908653846153844 0.16466346153846154 0.18870192307692307
0 0.7932692307692307 0.5625 0.18509615384615385 0.17908653846153846
0 0.84375 0.6947115384615384 0.1658653846153846 0.1622596153846154
0 0.8257211538461539 0.8161057692307693 0.16466346153846154 0.171875
0 0.8112980769230769 0.12379807692307693 0.18990384615384615 0.15144230769230768
0 0.8329326923076923 0.24879807692307693 0.17908653846153846 0.16105769230769232
0 0.8641826923076923 0.3786057692307692 0.20552884615384615 0.18629807692307693
0 0.9170673076923077 0.484375 0.1622596153846154 0.1814903846153846
0 0.9194711538461539 0.6165865384615384 0.16105769230769232 0.13221153846153846