0 0.16346153846153846 0.15625 0.171875 0.2091346153846154
0 0.15384615384615385 0.30528846153846156 0.16706730769230768 0.1814903846153846
0 0.18028846153846154 0.4254807692307692 0.171875 0.18028846153846154
0 0.18269230769230768 0.5504807692307693 0.1935096153846154 0.16706730769230768
0 0.14423076923076922 0.8473557692307693 0.14423076923076922 0.16706730769230768
0 0.265625 0.8882211538461539 0.15504807692307693 0.1814903846153846
0 0.2980769230769231 0.13701923076923078 0.16706730769230768 0.1935096153846154
0 0.28125 0.2704326923076923 0.15745192307692307 0.16706730769230768
0 0.29086538461538464 0.36658653846153844 0.14302884615384615 0.15264423076923078
0 0.29927884615384615 0.5060096153846154 0.15504807692307693 0.17548076923076922
0 0.3112980769230769 0.6201923076923077 0.203125 0.18870192307692307
0 0.42788461538461536 0.0889423076923077 0.1814903846153846 0.16706730769230768
0 0.38822115384615385 0.23918269230769232 0.15144230769230768 0.18389423076923078
0 0.42788461538461536 0.35336538461538464 0.171875 0.16826923076923078
0 0.41586538461538464 0.4855769230769231 0.17908653846153846 0.171875
0 0.44711538461538464 0.59375 0.14903846153846154 0.19110576923076922
0 0.4675480769230769 0.8545673076923077 0.16826923076923078 0.16947115384615385
0 0.6802884615384616 0.8870192307692307 0.18509615384615385 0.18028846153846154
0 0.5432692307692307 0.47596153846153844 0.16346153846153846 0.17668269230769232
0 0.5733173076923077 0.5877403846153846 0.14423076923076922 0.17307692307692307
0 0.5132211538461539 0.1935096153846154 0.17548076923076922 0.18509615384615385
0 0.5576923076923077 0.3485576923076923 0.16947115384615385 0.171875
0 0.6237980769230769 0.09735576923076923 0.16105769230769232 0.17668269230769232
0 0.6213942307692307 0.21754807692307693 0.13701923076923078 0.12379807692307693
0 0.7271634615384616 0.17548076923076922 0.15985576923076922 0.18028846153846154
0 0.6682692307692307 0.3233173076923077 0.17908653846153846 0.20072115384615385
0 0.6742788461538461 0.4639423076923077 0.17548076923076922 0.171875
0 0.6911057692307693 0.5745192307692307 0.16346153846153846 0.15625
0 0.7800480769230769 0.671875 0.17668269230769232 0.2091346153846154
0 0.8064903846153846 0.8257211538461539 0.15625 0.171875
0 0.7908653846153846 0.9411057692307693 0.13221153846153846 0.11778846153846154
0 0.9170673076923077 0.8305288461538461 0.14423076923076922 0.17548076923076922
0 0.9254807692307693 0.7103365384615384 0.14783653846153846 0.15264423076923078
0 0.7956730769230769 0.49158653846153844 0.17668269230769232 0.14302884615384615
0 0.7800480769230769 0.359375 0.18870192307692307 0.16826923076923078
0 0.8269230769230769 0.23918269230769232 0.15625 0.18509615384615385
0 0.9122596153846154 0.4495192307692308 0.16466346153846154 0.16105769230769232
0 0.8653846153846154 0.5733173076923077 0.20552884615384615 0.16466346153846154