0 0.12980769230769232 0.7475961538461539 0.15264423076923078 0.17548076923076922
0 0.18028846153846154 0.8834134615384616 0.1466346153846154 0.140625
0 0.11298076923076923 0.12860576923076922 0.16346153846153846 0.18870192307692307
0 0.1971153846153846 0.24759615384615385 0.1346153846153846 0.16826923076923078
0 0.10216346153846154 0.39302884615384615 0.15384615384615385 0.1466346153846154
0 0.15384615384615385 0.5084134615384616 0.16346153846153846 0.14182692307692307
0 0.22355769230769232 0.39903846153846156 0.12740384615384615 0.12620192307692307
0 0.28966346153846156 0.34375 0.1502403846153846 0.17908653846153846
0 0.2800480769230769 0.20432692307692307 0.11778846153846154 0.1310096153846154
0 0.3137019230769231 0.08774038461538461 0.15745192307692307 0.15144230769230768
0 0.39302884615384615 0.21754807692307693 0.13221153846153846 0.13701923076923078
0 0.19591346153846154 0.6189903846153846 0.16947115384615385 0.14783653846153846
0 0.2776442307692308 0.49038461538461536 0.15745192307692307 0.11899038461538461
0 0.24639423076923078 0.7572115384615384 0.15985576923076922 0.15504807692307693
0 0.3173076923076923 0.8858173076923077 0.16466346153846154 0.14783653846153846
0 0.3870192307692308 0.7620192307692307 0.16706730769230768 0.1346153846153846
0 0.33413461538461536 0.6358173076923077 0.15384615384615385 0.14543269230769232
0 0.40625 0.5721153846153846 0.15985576923076922 0.1310096153846154
0 0.3713942307692308 0.4483173076923077 0.15264423076923078 0.12379807692307693
0 0.42427884615384615 0.328125 0.11538461538461539 0.10576923076923077
0 0.484375 0.18269230769230768 0.13221153846153846 0.13822115384615385
0 0.5264423076923077 0.3125 0.11538461538461539 0.12259615384615384
0 0.49278846153846156 0.4170673076923077 0.1045673076923077 0.10336538461538461
0 0.5108173076923077 0.53125 0.12740384615384615 0.11057692307692307
0 0.4579326923076923 0.6526442307692307 0.15504807692307693 0.1141826923076923
0 0.578125 0.6237980769230769 0.15745192307692307 0.1141826923076923
0 0.49759615384615385 0.8149038461538461 0.13701923076923078 0.15144230769230768
0 0.46033653846153844 0.921875 0.15745192307692307 0.15384615384615385
0 0.6274038461538461 0.7451923076923077 0.16346153846153846 0.12259615384615384
0 0.6394230769230769 0.8653846153846154 0.14903846153846154 0.17668269230769232
0 0.7560096153846154 0.9170673076923077 0.12740384615384615 0.15985576923076922
0 0.7427884615384616 0.5600961538461539 0.1778846153846154 0.140625
0 0.5997596153846154 0.4579326923076923 0.13701923076923078 0.11298076923076923
0 0.7067307692307693 0.43028846153846156 0.16706730769230768 0.14423076923076922
0 0.59375 0.33533653846153844 0.10576923076923077 0.12259615384615384
0 0.71875 0.31009615384615385 0.1466346153846154 0.13701923076923078
0 0.5913461538461539 0.20673076923076922 0.1346153846153846 0.10697115384615384
0 0.5528846153846154 0.11778846153846154 0.13221153846153846 0.0985576923076923
0 0.6706730769230769 0.06850961538461539 0.17548076923076922 0.11658653846153846
0 0.7283653846153846 0.1875 0.17668269230769232 0.16466346153846154
0 0.9182692307692307 0.28725961538461536 0.15745192307692307 0.15144230769230768