0 0.10817307692307693 0.9326923076923077 0.14423076923076922 0.1346153846153846
0 0.24759615384615385 0.8810096153846154 0.15985576923076922 0.16826923076923078
0 0.13942307692307693 0.7560096153846154 0.16947115384615385 0.16826923076923078
0 0.0829326923076923 0.6237980769230769 0.15264423076923078 0.14903846153846154
0 0.33533653846153844 0.7920673076923077 0.13942307692307693 0.16466346153846154
0 0.453125 0.8725961538461539 0.15144230769230768 0.1875
0 0.5300480769230769 0.9242788461538461 0.15144230769230768 0.15144230769230768
0 0.13341346153846154 0.17427884615384615 0.16706730769230768 0.14302884615384615
0 0.16105769230769232 0.2620192307692308 0.12139423076923077 0.14302884615384615
0 0.18990384615384615 0.38100961538461536 0.16706730769230768 0.1814903846153846
0 0.22115384615384615 0.5024038461538461 0.11658653846153846 0.125
0 0.25961538461538464 0.15625 0.14543269230769232 0.16466346153846154
0 0.28725961538461536 0.27884615384615385 0.15264423076923078 0.13221153846153846
0 0.40024038461538464 0.1310096153846154 0.140625 0.18389423076923078
0 0.5036057692307693 0.19110576923076922 0.16947115384615385 0.1814903846153846
0 0.3245192307692308 0.4050480769230769 0.15745192307692307 0.16105769230769232
0 0.3545673076923077 0.5480769230769231 0.17307692307692307 0.19951923076923078
0 0.4266826923076923 0.6526442307692307 0.13581730769230768 0.140625
0 0.45072115384615385 0.421875 0.15625 0.15745192307692307
0 0.5204326923076923 0.5721153846153846 0.18870192307692307 0.16826923076923078
0 0.5637019230769231 0.45552884615384615 0.14903846153846154 0.12860576923076922
0 0.5516826923076923 0.31490384615384615 0.15985576923076922 0.13942307692307693
0 0.578125 0.7319711538461539 0.16706730769230768 0.15264423076923078
0 0.6117788461538461 0.10697115384615384 0.17307692307692307 0.13341346153846154
0 0.6670673076923077 0.23317307692307693 0.16706730769230768 0.15625
0 0.6850961538461539 0.359375 0.1814903846153846 0.15745192307692307
0 0.6935096153846154 0.48677884615384615 0.15504807692307693 0.16346153846153846
0 0.6682692307692307 0.625 0.16346153846153846 0.171875
0 0.7223557692307693 0.7427884615384616 0.12860576923076922 0.18028846153846154
0 0.7908653846153846 0.8100961538461539 0.14543269230769232 0.13701923076923078
0 0.8305288461538461 0.6802884615384616 0.16826923076923078 0.15504807692307693
0 0.8040865384615384 0.5300480769230769 0.13942307692307693 0.14302884615384615
0 0.8100961538461539 0.40384615384615385 0.1310096153846154 0.16466346153846154
0 0.78125 0.2704326923076923 0.12379807692307693 0.13942307692307693
0 0.7524038461538461 0.1310096153846154 0.14903846153846154 0.14302884615384615
0 0.8545673076923077 0.14903846153846154 0.15264423076923078 0.140625
0 0.8774038461538461 0.26322115384615385 0.1201923076923077 0.12860576923076922
0 0.9098557692307693 0.40865384615384615 0.140625 0.16466346153846154
0 0.9350961538461539 0.5216346153846154 0.12980769230769232 0.15144230769230768