0 0.20859375 0.0953125 0.16015625 0.1703125
0 0.15234375 0.23984375 0.16328125 0.159375
0 0.11640625 0.390625 0.1671875 0.153125
0 0.27265625 0.36171875 0.13359375 0.14921875
0 0.37421875 0.4140625 0.109375 0.1375
0 0.17734375 0.49296875 0.12734375 0.1171875
0 0.11015625 0.55 0.10703125 0.13359375
0 0.12265625 0.73984375 0.165625 0.196875
0 0.215625 0.8734375 0.1515625 0.17265625
0 0.23046875 0.61328125 0.1703125 0.18515625
0 0.33203125 0.540625 0.15 0.128125
0 0.37578125 0.6546875 0.16171875 0.1359375
0 0.27890625 0.7453125 0.1640625 0.1390625
0 0.31171875 0.828125 0.0796875 0.09140625
0 0.365625 0.89765625 0.14921875 0.1578125
0 0.425 0.76953125 0.15078125 0.18125
0 0.39140625 0.2171875 0.175 0.2109375
0 0.475 0.103125 0.1484375 0.14921875
0 0.62109375 0.08671875 0.13671875 0.15234375
0 0.54609375 0.21484375 0.125 0.1546875
0 0.67265625 0.18046875 0.1046875 0.1421875
0 0.7546875 0.18515625 0.09921875 0.13984375
0 0.7640625 0.0828125 0.1359375 0.140625
0 0.84765625 0.1890625 0.11796875 0.153125
0 0.9078125 0.30078125 0.13671875 0.1484375
0 0.63046875 0.346875 0.1765625 0.2046875
0 0.76171875 0.375 0.15859375 0.21484375
0 0.47265625 0.4671875 0.13515625 0.13125
0 0.4765625 0.578125 0.13671875 0.14375
0 0.52421875 0.70390625 0.16171875 0.17578125
0 0.48828125 0.9171875 0.14765625 0.14609375
0 0.6 0.50703125 0.1359375 0.13515625
0 0.62734375 0.63125 0.1734375 0.1625
0 0.75 0.55390625 0.1265625 0.1328125
0 0.6671875 0.765625 0.12265625 0.14296875
0 0.7828125 0.67265625 0.14296875 0.16640625
0 0.8859375 0.590625 0.1265625 0.125
0 0.909375 0.7171875 0.1359375 0.16328125
0 0.82734375 0.8078125 0.13046875 0.15625