0 0.19609375 0.1921875 0.096875 0.1171875
0 0.34453125 0.178125 0.109375 0.1265625
0 0.06484375 0.41484375 0.1109375 0.14375
0 0.203125 0.41015625 0.08671875 0.0984375
0 0.3484375 0.40234375 0.1078125 0.128125
0 0.41328125 0.2921875 0.1046875 0.1421875
0 0.50546875 0.38828125 0.1328125 0.15078125
0 0.1703125 0.80078125 0.13125 0.1640625
0 0.31484375 0.82890625 0.10703125 0.09296875
0 0.31953125 0.92890625 0.14140625 0.11953125
0 0.0609375 0.90234375 0.096875 0.0984375
0 0.4125 0.78984375 0.1171875 0.1296875
0 0.3265625 0.68671875 0.10078125 0.12578125
0 0.61953125 0.15625 0.12109375 0.12890625
0 0.76171875 0.13671875 0.1328125 0.14921875
0 0.90546875 0.146875 0.1296875 0.1421875
0 0.69609375 0.26796875 0.1 0.12109375
0 0.76875 0.37734375 0.14609375 0.15546875
0 0.91796875 0.3796875 0.1421875 0.15546875
0 0.81953125 0.65 0.1328125 0.1453125
0 0.909375 0.8859375 0.1203125 0.12109375
0 0.7625 0.89375 0.11171875 0.11953125
0 0.57109375 0.7765625 0.13046875 0.1453125
0 0.6078125 0.890625 0.0859375 0.10703125
0 0.446875 0.89140625 0.103125 0.10859375
0 0.528125 0.928125 0.07109375 0.0765625