0 0.81015625 0.225 0.146875 0.18515625
0 0.26328125 0.11640625 0.11328125 0.12265625
0 0.14296875 0.134375 0.12734375 0.15390625
0 0.225 0.25390625 0.13671875 0.146875
0 0.15859375 0.38125 0.1296875 0.17578125
0 0.2359375 0.509375 0.16328125 0.1875
0 0.5296875 0.5 0.13671875 0.16796875
0 0.51953125 0.2484375 0.1296875 0.146875
0 0.38125 0.240625 0.1515625 0.16796875
0 0.4515625 0.11875 0.134375 0.13671875
0 0.5875 0.0984375 0.12734375 0.15390625
0 0.6828125 0.484375 0.14921875 0.165625
0 0.75390625 0.36640625 0.1515625 0.1609375
0 0.73046875 0.0875 0.1203125 0.1421875
0 0.2 0.72734375 0.08125 0.109375
0 0.26484375 0.7671875 0.1109375 0.1140625
0 0.409375 0.753125 0.16171875 0.15859375
0 0.52578125 0.6921875 0.1265625 0.14921875
0 0.1546875 0.88125 0.11015625 0.11796875
0 0.28125 0.87578125 0.1203125 0.13671875
0 0.44765625 0.86328125 0.11328125 0.109375
0 0.61171875 0.87109375 0.146875 0.153125
0 0.76796875 0.86171875 0.1171875 0.13828125
0 0.909375 0.85703125 0.1578125 0.15625
0 0.83046875 0.7375 0.14609375 0.15859375
0 0.67265625 0.7328125 0.15234375 0.1859375
0 0.7453125 0.60625 0.13515625 0.1390625
0 0.88828125 0.58984375 0.17734375 0.16875