0 0.14453125 0.103125 0.14296875 0.159375
0 0.271875 0.11953125 0.1734375 0.16484375
0 0.43203125 0.18046875 0.17109375 0.19765625
0 0.328125 0.26640625 0.1828125 0.1734375
0 0.15078125 0.25703125 0.14765625 0.15390625
0 0.50859375 0.2703125 0.14453125 0.171875
0 0.57421875 0.2890625 0.14296875 0.146875
0 0.58515625 0.15390625 0.1375 0.121875
0 0.62578125 0.078125 0.15546875 0.1375
0 0.73046875 0.28984375 0.17421875 0.165625
0 0.78359375 0.184375 0.16796875 0.16171875
0 0.7609375 0.07265625 0.1171875 0.12265625
0 0.871875 0.07890625 0.1375 0.15390625
0 0.859375 0.26875 0.07421875 0.1046875
0 0.6421875 0.5203125 0.1265625 0.121875
0 0.5265625 0.48984375 0.13828125 0.17421875
0 0.40546875 0.465625 0.153125 0.20703125
0 0.30078125 0.4875 0.12578125 0.14296875
0 0.22265625 0.44140625 0.14375 0.1703125
0 0.13828125 0.54765625 0.1625 0.14375
0 0.4625 0.61015625 0.1171875 0.0921875
0 0.5 0.7171875 0.159375 0.1859375
0 0.63515625 0.7328125 0.15390625 0.1828125
0 0.33203125 0.68828125 0.1859375 0.20390625
0 0.1625 0.6546875 0.1671875 0.1671875
0 0.22890625 0.83125 0.2 0.2078125
0 0.41171875 0.8484375 0.1765625 0.13515625
0 0.55625 0.86328125 0.1640625 0.1484375
0 0.840625 0.5078125 0.075 0.07734375
0 0.92109375 0.459375 0.1171875 0.10234375
0 0.9359375 0.57421875 0.128125 0.15546875
0 0.79140625 0.7265625 0.1265625 0.12890625
0 0.90859375 0.8234375 0.15 0.13515625
0 0.775 0.85703125 0.17421875 0.153125
0 0.92734375 0.7140625 0.1453125 0.125