0 0.196875 0.190625 0.12109375 0.13828125
0 0.55 0.221875 0.1078125 0.1125
0 0.0984375 0.25 0.0984375 0.11953125
0 0.0984375 0.0796875 0.13828125 0.159375
0 0.6609375 0.090625 0.159375 0.16015625
0 0.8203125 0.12265625 0.1625 0.1328125
0 0.7390625 0.20703125 0.13828125 0.1296875
0 0.90390625 0.20390625 0.1421875 0.159375
0 0.675 0.3328125 0.13828125 0.15
0 0.83046875 0.31953125 0.1671875 0.17734375
0 0.88359375 0.47265625 0.16328125 0.16328125
0 0.74609375 0.45546875 0.13359375 0.146875
0 0.60390625 0.4265625 0.1546875 0.1765625
0 0.08125 0.5078125 0.0765625 0.0796875
0 0.16171875 0.45078125 0.1015625 0.08359375
0 0.165625 0.57890625 0.19140625 0.165625
0 0.34609375 0.578125 0.159375 0.16640625
0 0.26875 0.62890625 0.1078125 0.1375
0 0.48046875 0.63046875 0.16484375 0.1703125
0 0.3765625 0.7265625 0.1515625 0.11953125
0 0.1578125 0.71875 0.17578125 0.11796875
0 0.240625 0.8078125 0.12421875 0.1078125
0 0.15 0.82890625 0.14375 0.11796875
0 0.171875 0.92890625 0.11328125 0.1421875
0 0.3546875 0.84375 0.15390625 0.18125
0 0.515625 0.78671875 0.18671875 0.215625
0 0.63359375 0.7578125 0.1703125 0.1921875
0 0.79375 0.75078125 0.15703125 0.178125
0 0.5078125 0.90625 0.14765625 0.13203125