0 0.515625 0.17890625 0.15390625 0.1703125
0 0.653125 0.43203125 0.146875 0.17421875
0 0.6703125 0.78671875 0.1578125 0.16328125
0 0.84375 0.440625 0.1484375 0.16875
0 0.24140625 0.8125 0.15234375 0.18515625
0 0.484375 0.43046875 0.15390625 0.1703125
0 0.50546875 0.7140625 0.1453125 0.1359375
0 0.57109375 0.5515625 0.16171875 0.18203125
0 0.8203125 0.14375 0.103125 0.10078125
0 0.615625 0.0796875 0.1484375 0.15625
0 0.3265625 0.1984375 0.09921875 0.125
0 0.26328125 0.2328125 0.0859375 0.1171875
0 0.67109375 0.2015625 0.14140625 0.14296875
0 0.75859375 0.309375 0.171875 0.17421875
0 0.9234375 0.30625 0.1421875 0.153125
0 0.58515625 0.309375 0.15078125 0.13984375
0 0.19765625 0.35546875 0.165625 0.17109375
0 0.36015625 0.40078125 0.153125 0.20078125
0 0.1140625 0.4390625 0.1421875 0.16953125
0 0.153125 0.53828125 0.15859375 0.14453125
0 0.2625 0.47734375 0.1546875 0.1453125
0 0.42890625 0.59453125 0.13203125 0.15625
0 0.29453125 0.6171875 0.15078125 0.18046875
0 0.63046875 0.6609375 0.128125 0.15078125
0 0.759375 0.6625 0.16328125 0.14140625
0 0.5421875 0.85390625 0.15234375 0.1578125
0 0.3921875 0.815625 0.16328125 0.1671875
0 0.88125 0.6859375 0.1484375 0.13359375
0 0.90859375 0.56328125 0.128125 0.11875
0 0.17109375 0.62578125 0.1171875 0.11484375
0 0.81328125 0.80625 0.15078125 0.1640625