0 0.0625 0.1390625 0.08515625 0.084375
0 0.16953125 0.3046875 0.1546875 0.1546875
0 0.07734375 0.4421875 0.134375 0.1671875
0 0.22890625 0.421875 0.15078125 0.17265625
0 0.1484375 0.56015625 0.12890625 0.1375
0 0.28359375 0.5453125 0.140625 0.1625
0 0.11015625 0.6875 0.125 0.1453125
0 0.26328125 0.73359375 0.165625 0.178125
0 0.1921875 0.86328125 0.2046875 0.19765625
0 0.315625 0.06640625 0.12421875 0.11640625
0 0.3234375 0.16484375 0.14140625 0.13515625
0 0.45234375 0.1359375 0.1125 0.128125
0 0.603125 0.14296875 0.1015625 0.11875
0 0.7625 0.13125 0.121875 0.12578125
0 0.36796875 0.28515625 0.153125 0.14375
0 0.9125 0.125 0.11953125 0.125
0 0.66640625 0.25078125 0.1375 0.16875
0 0.5390625 0.2625 0.12890625 0.13203125
0 0.50078125 0.3421875 0.1671875 0.1734375
0 0.775 0.3109375 0.1703125 0.1796875
0 0.4484375 0.4828125 0.16796875 0.18828125
1 0.59453125 0.44765625 0.12578125 0.146875
0 0.71953125 0.43046875 0.1140625 0.12265625
1 0.54921875 0.58359375 0.1609375 0.1453125
1 0.66953125 0.5546875 0.13828125 0.15625
0 0.80625 0.571875 0.1625 0.165625
0 0.928125 0.47109375 0.1421875 0.13046875
0 0.77265625 0.7171875 0.19609375 0.20078125
0 0.61953125 0.7296875 0.14375 0.14765625
0 0.45859375 0.7078125 0.21171875 0.1671875
0 0.4140625 0.83046875 0.184375 0.15078125
0 0.559375 0.84921875 0.13828125 0.17109375