0 0.2703125 0.30546875 0.1015625 0.12265625
0 0.42265625 0.290625 0.1421875 0.1390625
0 0.47421875 0.4109375 0.13671875 0.13671875
0 0.6640625 0.39921875 0.14765625 0.15625
0 0.33828125 0.1828125 0.13515625 0.1546875
0 0.38828125 0.0890625 0.13359375 0.128125
0 0.49453125 0.1703125 0.16015625 0.171875
0 0.18515625 0.43203125 0.13515625 0.14765625
0 0.42734375 0.546875 0.14921875 0.14921875
1 0.65 0.675 0.13671875 0.15625
0 0.365625 0.68515625 0.10546875 0.13359375
0 0.43046875 0.80546875 0.10859375 0.1390625
0 0.57890625 0.80859375 0.13515625 0.14609375
0 0.71171875 0.27421875 0.15078125 0.16484375
1 0.6390625 0.15625 0.1265625 0.16484375
0 0.84921875 0.27578125 0.1421875 0.171875
1 0.7796875 0.13671875 0.1265625 0.13359375
0 0.91796875 0.1421875 0.1640625 0.2
0 0.928125 0.396875 0.14375 0.171875
0 0.06875 0.69453125 0.13359375 0.14921875
0 0.21796875 0.93046875 0.13671875 0.1390625