0 0.14765625 0.13984375 0.1640625 0.1921875
0 0.29140625 0.13046875 0.13828125 0.1625
0 0.440625 0.1296875 0.159375 0.1546875
0 0.73984375 0.1140625 0.1015625 0.09453125
0 0.8578125 0.11171875 0.09453125 0.121875
0 0.08203125 0.28125 0.1296875 0.1546875
0 0.2328125 0.28359375 0.16171875 0.1515625
0 0.36796875 0.2625 0.14765625 0.15546875
0 0.51796875 0.246875 0.153125 0.17109375
0 0.66484375 0.2453125 0.1390625 0.14921875
0 0.7921875 0.221875 0.12578125 0.14296875
0 0.1671875 0.39453125 0.13359375 0.15703125
0 0.31328125 0.3953125 0.14921875 0.1375
0 0.45546875 0.37734375 0.13671875 0.1296875
0 0.5984375 0.36953125 0.14453125 0.121875
0 0.73671875 0.35234375 0.13125 0.14375
0 0.84765625 0.34453125 0.13828125 0.15
0 0.24296875 0.52109375 0.13515625 0.14921875
0 0.371875 0.50546875 0.1265625 0.146875
0 0.5015625 0.5 0.17421875 0.1578125
0 0.6734375 0.46484375 0.15859375 0.17265625
0 0.828125 0.471875 0.1515625 0.1484375
0 0.89765625 0.58984375 0.16015625 0.14375
0 0.4375 0.61484375 0.14921875 0.1515625
0 0.6296875 0.61796875 0.153125 0.16953125
0 0.8265625 0.71953125 0.14375 0.14609375
0 0.90625 0.8515625 0.1625 0.1625