0 0.4125 0.0921875 0.16875 0.1828125
0 0.56015625 0.08984375 0.15390625 0.16640625
0 0.30078125 0.23984375 0.19609375 0.1921875
0 0.4734375 0.24296875 0.16796875 0.2015625
0 0.61796875 0.234375 0.15703125 0.17109375
0 0.59375 0.3875 0.16171875 0.17578125
0 0.175 0.50546875 0.17265625 0.20703125
0 0.28125 0.58984375 0.15234375 0.2046875
0 0.390625 0.64609375 0.1828125 0.178125
0 0.51484375 0.59296875 0.15234375 0.1875
0 0.62265625 0.621875 0.1125 0.1484375
0 0.0984375 0.76015625 0.14921875 0.175
0 0.2015625 0.803125 0.1265625 0.1796875
0 0.2609375 0.8984375 0.14921875 0.17421875
0 0.34375 0.7703125 0.1734375 0.16875
0 0.46875 0.7921875 0.18125 0.19375
0 0.60390625 0.746875 0.1265625 0.14296875
0 0.578125 0.86484375 0.115625 0.18359375
0 0.77890625 0.12890625 0.171875 0.20390625
0 0.8375 0.21796875 0.1453125 0.18125
0 0.77265625 0.3125 0.13046875 0.125
0 0.9296875 0.32265625 0.128125 0.14609375
0 0.921875 0.0640625 0.11875 0.128125
0 0.7921875 0.428125 0.1046875 0.125
0 0.93828125 0.446875 0.1234375 0.13046875
0 0.89921875 0.59921875 0.1671875 0.16484375
0 0.778125 0.73984375 0.13359375 0.16015625
0 0.88984375 0.72890625 0.11640625 0.121875
0 0.8890625 0.8578125 0.11796875 0.13125
0 0.38828125 0.91484375 0.17890625 0.1703125