0 0.19375 0.1078125 0.20078125 0.19765625
0 0.11796875 0.22890625 0.18515625 0.190625
0 0.4125 0.08828125 0.178125 0.16328125
0 0.56484375 0.08828125 0.14609375 0.1765625
0 0.36015625 0.23203125 0.17265625 0.18671875
0 0.27265625 0.32734375 0.16640625 0.184375
0 0.50078125 0.22265625 0.15 0.153125
0 0.6359375 0.21796875 0.15234375 0.19765625
0 0.79765625 0.20390625 0.1546875 0.18828125
0 0.7328125 0.3328125 0.17890625 0.19140625
0 0.43515625 0.33984375 0.14921875 0.171875
0 0.509375 0.51328125 0.1703125 0.18203125
0 0.21875 0.540625 0.1046875 0.115625
0 0.1 0.53984375 0.18515625 0.1890625
0 0.2125 0.68984375 0.11328125 0.13515625
0 0.1078125 0.8328125 0.1875 0.16953125
1 0.2484375 0.82265625 0.12734375 0.1515625
0 0.38671875 0.8125 0.14921875 0.18203125
0 0.44921875 0.6640625 0.15546875 0.16015625
0 0.590625 0.63671875 0.12578125 0.16640625
0 0.734375 0.62890625 0.14765625 0.19296875
0 0.884375 0.61796875 0.14609375 0.16484375
0 0.5328125 0.8015625 0.159375 0.17890625
0 0.68515625 0.778125 0.1421875 0.15390625
0 0.66171875 0.87734375 0.17421875 0.16875
0 0.82265625 0.76015625 0.15546875 0.1390625
0 0.80078125 0.871875 0.178125 0.175