0 0.2765625 0.1078125 0.11328125 0.11875
0 0.19296875 0.18203125 0.13515625 0.13046875
0 0.07890625 0.2328125 0.13984375 0.15546875
0 0.1984375 0.303125 0.121875 0.15
0 0.2984375 0.23203125 0.11796875 0.11640625
0 0.428125 0.1203125 0.14375 0.13984375
0 0.50390625 0.165625 0.1296875 0.16015625
0 0.41875 0.28203125 0.11875 0.115625
0 0.62265625 0.18515625 0.121875 0.125
0 0.68359375 0.1234375 0.115625 0.121875
0 0.84375 0.10703125 0.13828125 0.140625
0 0.940625 0.15703125 0.11875 0.1515625
0 0.81640625 0.23125 0.134375 0.14140625
0 0.6453125 0.27578125 0.12578125 0.11171875
1 0.7515625 0.3265625 0.11796875 0.15
0 0.675 0.38046875 0.0921875 0.0953125
0 0.54921875 0.33828125 0.15859375 0.14296875
0 0.3140625 0.375 0.11953125 0.13125
0 0.15390625 0.4078125 0.134375 0.14140625
0 0.1203125 0.5 0.140625 0.13203125
0 0.3921875 0.47265625 0.146875 0.125
0 0.6015625 0.47734375 0.1078125 0.11015625
0 0.759375 0.46171875 0.15234375 0.1609375
0 0.87109375 0.484375 0.146875 0.1640625
0 0.76796875 0.58671875 0.15390625 0.12578125
0 0.68046875 0.65 0.1796875 0.18359375
1 0.48046875 0.5765625 0.13125 0.15390625
0 0.22734375 0.67109375 0.14375 0.1671875
1 0.128125 0.78046875 0.14609375 0.1640625
0 0.36171875 0.653125 0.14921875 0.140625
1 0.29609375 0.56640625 0.14453125 0.175
0 0.5953125 0.74140625 0.14921875 0.1375
0 0.48359375 0.7890625 0.1796875 0.1921875
0 0.365625 0.8296875 0.1859375 0.20625
0 0.28125 0.91953125 0.175 0.15
0 0.778125 0.8546875 0.13828125 0.175
0 0.66015625 0.88984375 0.08203125 0.1078125
1 0.9296875 0.890625 0.140625 0.18828125
0 0.540625 0.93828125 0.10859375 0.12265625