0 0.0703125 0.30703125 0.0984375 0.1234375
0 0.16796875 0.24375 0.11796875 0.134375
0 0.240625 0.165625 0.12109375 0.13984375
0 0.321875 0.11171875 0.15859375 0.184375
0 0.1890625 0.34453125 0.13671875 0.12578125
0 0.290625 0.3234375 0.08359375 0.0828125
0 0.4171875 0.33359375 0.1796875 0.1734375
0 0.4 0.2015625 0.17734375 0.17109375
0 0.55234375 0.22265625 0.16796875 0.190625
0 0.6640625 0.1421875 0.075 0.08125
0 0.675 0.2546875 0.0671875 0.08203125
0 0.80625 0.1625 0.15859375 0.1421875
0 0.78125 0.0640625 0.1703125 0.128125
0 0.9 0.10390625 0.11640625 0.14609375
0 0.896875 0.32578125 0.09453125 0.10859375
0 0.7359375 0.3453125 0.1046875 0.1171875
0 0.55 0.3875 0.11796875 0.12890625
0 0.66484375 0.45703125 0.1484375 0.16171875
0 0.7234375 0.5328125 0.12109375 0.1203125
0 0.81015625 0.42890625 0.0828125 0.0953125
0 0.88046875 0.509375 0.146875 0.1734375
0 0.29296875 0.4203125 0.1125 0.109375
0 0.38359375 0.484375 0.1140625 0.11875
0 0.2078125 0.48046875 0.125 0.1390625
0 0.1 0.55859375 0.1859375 0.19140625
0 0.215625 0.6109375 0.11328125 0.15
0 0.30390625 0.5671875 0.13046875 0.1734375
0 0.2078125 0.746875 0.1 0.128125
0 0.1 0.83828125 0.09140625 0.1015625
0 0.3328125 0.76328125 0.08828125 0.0984375
0 0.33828125 0.9015625 0.2046875 0.1875
0 0.5421875 0.890625 0.18984375 0.1796875
0 0.45859375 0.77578125 0.06328125 0.075
0 0.70390625 0.7125 0.1453125 0.17109375
0 0.72265625 0.84453125 0.16171875 0.1875
0 0.853125 0.88359375 0.16796875 0.1796875
0 0.82890625 0.73125 0.14296875 0.13125