0 0.12421875 0.3171875 0.14140625 0.16171875
0 0.20703125 0.2375 0.16640625 0.171875
0 0.2796875 0.14453125 0.16953125 0.19375
0 0.53359375 0.1828125 0.10859375 0.11328125
0 0.36484375 0.43515625 0.14921875 0.178125
0 0.47109375 0.3125 0.08046875 0.096875
0 0.60234375 0.234375 0.1421875 0.13203125
0 0.65546875 0.12578125 0.11640625 0.08828125
0 0.8 0.0921875 0.1765625 0.1703125
0 0.9328125 0.13125 0.134375 0.1703125
1 0.85546875 0.2328125 0.14375 0.14375
0 0.72578125 0.29140625 0.1625 0.1828125
1 0.596875 0.365625 0.14921875 0.1546875
1 0.47734375 0.44921875 0.14296875 0.1546875
0 0.3625 0.59375 0.121875 0.14296875
0 0.471875 0.60859375 0.15078125 0.1609375
0 0.59140625 0.52734375 0.14609375 0.15234375
0 0.69609375 0.46015625 0.1359375 0.15390625
0 0.821875 0.3890625 0.1375 0.15390625
0 0.92734375 0.4828125 0.1453125 0.1546875
0 0.8 0.55234375 0.1453125 0.159375
0 0.6921875 0.6171875 0.14296875 0.1546875
0 0.584375 0.67421875 0.14765625 0.1609375
0 0.4640625 0.74765625 0.14296875 0.146875
0 0.91953125 0.65078125 0.0609375 0.0703125
0 0.79765625 0.71015625 0.12578125 0.12421875
0 0.5859375 0.86875 0.13359375 0.14453125
1 0.89921875 0.790625 0.121875 0.14453125
0 0.853125 0.92578125 0.15625 0.1484375
0 0.2359375 0.90390625 0.15625 0.13828125