0 0.86171875 0.06953125 0.09296875 0.09609375
0 0.61953125 0.07265625 0.1359375 0.13984375
0 0.75546875 0.14375 0.08359375 0.08828125
0 0.9515625 0.121875 0.0578125 0.0671875
1 0.80859375 0.2640625 0.115625 0.12265625
1 0.41953125 0.084375 0.1 0.09609375
0 0.60703125 0.22109375 0.1796875 0.178125
0 0.7203125 0.3453125 0.06796875 0.084375
0 0.7859375 0.3859375 0.134375 0.13359375
0 0.87734375 0.44375 0.1484375 0.1734375
0 0.80546875 0.52734375 0.1328125 0.13515625
0 0.9265625 0.58515625 0.1375 0.13203125
0 0.65390625 0.4359375 0.146875 0.1359375
0 0.55390625 0.396875 0.1546875 0.1890625
0 0.6015625 0.53046875 0.165625 0.12109375
0 0.70546875 0.58828125 0.178125 0.16484375
0 0.7921875 0.65703125 0.1859375 0.15390625
0 0.87265625 0.765625 0.178125 0.16796875
0 0.2265625 0.071875 0.11640625 0.1203125
0 0.3171875 0.175 0.0859375 0.0828125
0 0.20625 0.26796875 0.16796875 0.1921875
0 0.2875 0.35234375 0.1765625 0.20546875
0 0.37265625 0.4703125 0.13046875 0.153125
0 0.440625 0.5828125 0.115625 0.12421875
0 0.5140625 0.65078125 0.1296875 0.1796875
0 0.6046875 0.67578125 0.153125 0.17421875
0 0.63203125 0.8078125 0.175 0.184375
0 0.78203125 0.87265625 0.21640625 0.209375
0 0.17890625 0.4359375 0.1671875 0.17109375
0 0.2671875 0.5375 0.16328125 0.16640625
0 0.35078125 0.67890625 0.1296875 0.15625
0 0.4640625 0.8984375 0.16796875 0.203125
1 0.309375 0.890625 0.12109375 0.1140625
0 0.2640625 0.76328125 0.16953125 0.1734375
0 0.18515625 0.63046875 0.12578125 0.17578125