0 0.11484375 0.2140625 0.1875 0.1890625
0 0.2046875 0.09140625 0.17734375 0.18046875
0 0.896875 0.1375 0.15234375 0.14609375
0 0.7109375 0.13828125 0.1765625 0.15390625
0 0.77265625 0.25703125 0.125 0.1390625
0 0.8359375 0.3296875 0.16875 0.19375
0 0.60078125 0.084375 0.1953125 0.16875
0 0.4078125 0.0625 0.14765625 0.125
0 0.49140625 0.1875 0.2125 0.20625
0 0.59921875 0.2546875 0.20390625 0.15625
0 0.68046875 0.3609375 0.14453125 0.13203125
0 0.74296875 0.4578125 0.17578125 0.1859375
0 0.8171875 0.55625 0.1328125 0.1296875
0 0.30546875 0.1921875 0.178125 0.19140625
0 0.21640625 0.2953125 0.13359375 0.13203125
0 0.115625 0.39765625 0.18359375 0.18515625
0 0.4046875 0.29296875 0.16640625 0.17734375
0 0.290625 0.39296875 0.1859375 0.18203125
0 0.1875 0.4703125 0.16171875 0.1515625
0 0.10546875 0.58515625 0.1890625 0.16640625
0 0.47890625 0.38359375 0.18359375 0.178125
0 0.3875 0.48203125 0.20859375 0.18828125
0 0.28125 0.575 0.18125 0.16875
0 0.171875 0.69609375 0.18203125 0.17421875
0 0.578125 0.4734375 0.16875 0.2046875
0 0.47890625 0.56953125 0.203125 0.16484375
0 0.3828125 0.6875 0.2078125 0.196875
0 0.2625 0.79921875 0.18671875 0.18359375
0 0.165625 0.87890625 0.15625 0.19375
0 0.35 0.88984375 0.15703125 0.140625
0 0.45390625 0.79375 0.15234375 0.17421875
0 0.55078125 0.6765625 0.1921875 0.190625
0 0.66015625 0.5640625 0.1546875 0.14453125
0 0.72421875 0.63046875 0.14296875 0.14921875
0 0.634375 0.75 0.16953125 0.14140625
0 0.5484375 0.85078125 0.13203125 0.16640625
0 0.72421875 0.84921875 0.175 0.20703125
0 0.81796875 0.74765625 0.21484375 0.234375