0 0.15859375 0.06796875 0.121875 0.13203125
0 0.078125 0.15546875 0.15625 0.1671875
1 0.065625 0.2953125 0.12578125 0.1234375
0 0.14765625 0.25078125 0.1328125 0.1203125
0 0.23671875 0.17265625 0.18046875 0.17109375
0 0.353125 0.11640625 0.10703125 0.103125
0 0.525 0.13203125 0.16953125 0.175
0 0.41484375 0.21953125 0.12109375 0.11796875
0 0.30546875 0.27109375 0.1359375 0.1453125
0 0.19375 0.35 0.15 0.1546875
0 0.096875 0.41953125 0.16171875 0.15625
0 0.1453125 0.53828125 0.159375 0.15546875
0 0.23828125 0.484375 0.125 0.1296875
0 0.328125 0.4265625 0.090625 0.10390625
0 0.4609375 0.353125 0.16796875 0.1609375
0 0.6046875 0.29921875 0.14609375 0.13671875
0 0.1984375 0.6484375 0.12578125 0.1203125
0 0.30703125 0.58203125 0.1328125 0.134375
0 0.40625 0.52890625 0.11015625 0.12734375
0 0.51328125 0.478125 0.13984375 0.1578125
0 0.62421875 0.40703125 0.10390625 0.11796875
0 0.7359375 0.40546875 0.1453125 0.1796875
0 0.7765625 0.08828125 0.13359375 0.1453125
0 0.78671875 0.19296875 0.1546875 0.1640625
0 0.81171875 0.3328125 0.14765625 0.1609375
0 0.91015625 0.42578125 0.125 0.13984375
0 0.7796875 0.48828125 0.14453125 0.15546875
0 0.61953125 0.5046875 0.1453125 0.14375
0 0.45234375 0.62109375 0.08671875 0.09296875
0 0.359375 0.69296875 0.1265625 0.140625
0 0.23828125 0.76015625 0.13359375 0.12578125
0 0.1171875 0.81953125 0.18515625 0.16875
0 0.90390625 0.57734375 0.1296875 0.14453125
0 0.671875 0.5984375 0.1359375 0.13125
0 0.78671875 0.60078125 0.153125 0.14296875
0 0.6140625 0.671875 0.17109375 0.17578125
0 0.72734375 0.7359375 0.15 0.1609375
0 0.85703125 0.7421875 0.16640625 0.153125
0 0.91015625 0.83984375 0.14140625 0.1484375
0 0.7625 0.8375 0.14453125 0.159375
0 0.5296875 0.7359375 0.15390625 0.16015625
0 0.58671875 0.85078125 0.16953125 0.1546875
0 0.634375 0.92890625 0.153125 0.1421875
0 0.4109375 0.809375 0.1234375 0.128125
0 0.28359375 0.8828125 0.16171875 0.17890625