0 0.2203125 0.1546875 0.1140625 0.09765625
0 0.365625 0.16953125 0.20234375 0.18203125
0 0.29140625 0.2578125 0.2203125 0.1390625
0 0.2 0.3515625 0.1453125 0.12265625
0 0.34375 0.3296875 0.17109375 0.11171875
0 0.47109375 0.334375 0.1734375 0.13828125
0 0.2671875 0.4484375 0.16796875 0.14765625
0 0.4109375 0.4734375 0.1703125 0.14375
0 0.53125 0.4640625 0.165625 0.13828125
0 0.1640625 0.5796875 0.16640625 0.17890625
0 0.31875 0.61640625 0.1984375 0.21796875
0 0.46484375 0.59609375 0.1703125 0.17734375
0 0.615625 0.54765625 0.1765625 0.15703125
0 0.2125 0.6921875 0.16328125 0.1015625
0 0.4625 0.70703125 0.0734375 0.09296875
0 0.54921875 0.665625 0.08671875 0.09765625
0 0.64921875 0.67578125 0.1703125 0.15859375
0 0.2375 0.8203125 0.15625 0.15
0 0.38359375 0.82890625 0.140625 0.16875
0 0.48515625 0.81171875 0.11796875 0.14765625
0 0.56484375 0.75078125 0.1140625 0.115625
0 0.640625 0.8578125 0.16171875 0.1796875
0 0.7734375 0.9171875 0.14609375 0.1515625
1 0.78125 0.77890625 0.134375 0.14609375
0 0.73828125 0.14375 0.1546875 0.159375
0 0.834375 0.25234375 0.17109375 0.12890625
0 0.925 0.11875 0.15 0.19375
0 0.92109375 0.3640625 0.15390625 0.1984375
0 0.925 0.5046875 0.15 0.190625