0 0.1734375 0.11875 0.14921875 0.18984375
0 0.25625 0.21953125 0.15 0.15390625
0 0.35703125 0.13515625 0.13515625 0.12734375
0 0.459375 0.21328125 0.18125 0.18515625
0 0.34375 0.31484375 0.19453125 0.21171875
0 0.15390625 0.36171875 0.1578125 0.19609375
0 0.26875 0.421875 0.20390625 0.20546875
0 0.1640625 0.5171875 0.1484375 0.1703125
0 0.30625 0.58515625 0.1578125 0.16328125
0 0.42578125 0.51015625 0.16640625 0.184375
0 0.3984375 0.70390625 0.16640625 0.15546875
0 0.51640625 0.63046875 0.1625 0.1765625
0 0.44140625 0.80546875 0.17421875 0.1890625
0 0.53984375 0.8828125 0.17578125 0.16015625
0 0.64609375 0.8453125 0.14296875 0.1375
0 0.50625 0.3234375 0.15703125 0.18984375
0 0.54765625 0.0921875 0.13046875 0.16640625
0 0.6328125 0.196875 0.16484375 0.18359375
0 0.73125 0.096875 0.18359375 0.19296875
0 0.90703125 0.1921875 0.14375 0.146875
0 0.80546875 0.2765625 0.1890625 0.1578125
0 0.57890625 0.44609375 0.1765625 0.1609375
0 0.6328125 0.55859375 0.13203125 0.1484375
0 0.70546875 0.65546875 0.1578125 0.1984375
0 0.68359375 0.3703125 0.17734375 0.1765625
0 0.74921875 0.4796875 0.14296875 0.1546875
0 0.87109375 0.40625 0.14453125 0.190625
0 0.8296875 0.5734375 0.14453125 0.17109375
0 0.8765625 0.69921875 0.1796875 0.16484375
0 0.596875 0.72109375 0.14453125 0.15234375
0 0.771875 0.7921875 0.17890625 0.203125
0 0.83671875 0.89453125 0.165625 0.1390625