0 0.1078125 0.24453125 0.1515625 0.1921875
0 0.12265625 0.3921875 0.14140625 0.13046875
0 0.20234375 0.1859375 0.13203125 0.15625
0 0.228125 0.3078125 0.12890625 0.1203125
0 0.2953125 0.13203125 0.1390625 0.1453125
0 0.33359375 0.23359375 0.12109375 0.1359375
0 0.37890625 0.3125 0.15859375 0.15
0 0.4921875 0.196875 0.14453125 0.1359375
0 0.2875 0.4 0.1125 0.12109375
0 0.18359375 0.50234375 0.12421875 0.13515625
0 0.42265625 0.40078125 0.1390625 0.15
0 0.33359375 0.49296875 0.15 0.12890625
0 0.08125 0.6015625 0.1421875 0.1296875
0 0.2296875 0.603125 0.1375 0.14140625
0 0.10859375 0.725 0.1625 0.16953125
0 0.17265625 0.8140625 0.17421875 0.17421875
0 0.3609375 0.82265625 0.171875 0.1828125
0 0.2875 0.71328125 0.16796875 0.1796875
0 0.40859375 0.6078125 0.18671875 0.1875
0 0.5046875 0.49765625 0.1890625 0.16171875
0 0.56953125 0.60703125 0.18359375 0.1765625
0 0.484375 0.70703125 0.1265625 0.1203125
0 0.6375 0.71875 0.2078125 0.1953125
0 0.53046875 0.8453125 0.17734375 0.178125
0 0.71328125 0.83828125 0.190625 0.1796875
0 0.815625 0.725 0.20703125 0.20078125
0 0.74921875 0.59375 0.1859375 0.18671875
0 0.67890625 0.49609375 0.171875 0.18125
0 0.61953125 0.3828125 0.19296875 0.16484375
0 0.53984375 0.29296875 0.14765625 0.1453125
0 0.6390625 0.18671875 0.1515625 0.16875
0 0.721875 0.26328125 0.19921875 0.16328125
0 0.775 0.39296875 0.16875 0.1484375
0 0.82734375 0.16328125 0.1796875 0.140625
0 0.89453125 0.2671875 0.1875 0.16328125
0 0.853125 0.49296875 0.16953125 0.1625