0 0.0796875 0.128125 0.159375 0.14140625
0 0.17421875 0.20625 0.1484375 0.14453125
0 0.109375 0.43359375 0.146875 0.17421875
0 0.28828125 0.15625 0.15078125 0.16328125
0 0.22734375 0.38359375 0.14453125 0.20078125
0 0.35078125 0.271875 0.16953125 0.19140625
0 0.2125 0.59140625 0.196875 0.19921875
0 0.175 0.7828125 0.18359375 0.21171875
0 0.275 0.8890625 0.19375 0.19296875
0 0.38671875 0.78984375 0.16015625 0.17421875
0 0.30703125 0.48671875 0.2 0.20234375
0 0.39921875 0.59453125 0.16640625 0.15546875
0 0.459375 0.1484375 0.1171875 0.15625
0 0.49140625 0.2578125 0.1640625 0.16640625
0 0.421875 0.38828125 0.18359375 0.17734375
0 0.50390625 0.48671875 0.1703125 0.17109375
0 0.48984375 0.684375 0.14765625 0.14921875
0 0.43515625 0.9046875 0.1546875 0.190625
0 0.584375 0.7875 0.1640625 0.15625
0 0.646875 0.8734375 0.1625 0.15078125
0 0.6734375 0.67890625 0.2109375 0.1953125
0 0.59609375 0.5875 0.16328125 0.15546875
0 0.61171875 0.38203125 0.19375 0.203125
0 0.7171875 0.2640625 0.178125 0.1484375
0 0.790625 0.403125 0.18046875 0.1734375
0 0.79765625 0.58828125 0.17890625 0.20625
0 0.75234375 0.77109375 0.16328125 0.16640625
0 0.82890625 0.85390625 0.15078125 0.184375
0 0.91171875 0.78203125 0.1765625 0.1703125
0 0.86875 0.6640625 0.13359375 0.16015625
0 0.8734375 0.4921875 0.10859375 0.13671875
0 0.89921875 0.2828125 0.1703125 0.17734375
0 0.625 0.165625 0.23125 0.20234375
0 0.81875 0.17578125 0.16875 0.1828125