0 0.24140625 0.1609375 0.165625 0.1828125
0 0.41640625 0.17734375 0.16640625 0.1890625
0 0.13671875 0.28671875 0.1671875 0.1796875
0 0.2109375 0.3828125 0.17734375 0.165625
0 0.11953125 0.4953125 0.12734375 0.13671875
0 0.115625 0.66015625 0.14609375 0.16484375
0 0.28203125 0.50078125 0.215625 0.19453125
0 0.31796875 0.278125 0.178125 0.18125
0 0.40234375 0.36015625 0.11953125 0.134375
0 0.47734375 0.484375 0.18984375 0.15703125
0 0.38125 0.625 0.1609375 0.13828125
0 0.265625 0.6828125 0.16640625 0.1921875
0 0.60078125 0.17890625 0.21328125 0.175
0 0.81953125 0.171875 0.1109375 0.125
0 0.69140625 0.265625 0.19453125 0.19453125
0 0.57109375 0.3671875 0.20390625 0.159375
0 0.65546875 0.484375 0.1953125 0.17265625
0 0.5640625 0.6125 0.18984375 0.16484375
0 0.43984375 0.70703125 0.134375 0.13515625
0 0.15625 0.7875 0.18359375 0.17265625
0 0.071875 0.85078125 0.14375 0.171875
0 0.2328125 0.88984375 0.196875 0.14375
0 0.346875 0.80390625 0.18203125 0.1578125
0 0.42890625 0.8890625 0.16875 0.1703125
0 0.54140625 0.76875 0.16875 0.17421875
0 0.6078125 0.88203125 0.16171875 0.15859375
0 0.70234375 0.75703125 0.15859375 0.1546875
0 0.634375 0.67265625 0.1296875 0.14921875
0 0.73671875 0.57578125 0.15546875 0.15390625
0 0.76171875 0.36640625 0.1640625 0.16640625
0 0.85 0.475 0.1734375 0.15234375
0 0.87421875 0.27578125 0.1875 0.1921875
0 0.79140625 0.87578125 0.140625 0.1671875