0 0.89140625 0.0703125 0.1515625 0.140625
0 0.7578125 0.06015625 0.103125 0.1109375
0 0.93671875 0.1515625 0.1265625 0.11640625
0 0.51328125 0.08046875 0.1484375 0.15546875
0 0.6484375 0.13671875 0.15 0.17109375
0 0.78671875 0.17890625 0.196875 0.1828125
0 0.17109375 0.07265625 0.1578125 0.1453125
0 0.2890625 0.14765625 0.171875 0.1796875
0 0.4296875 0.17890625 0.13203125 0.16171875
0 0.5453125 0.24921875 0.165625 0.1953125
0 0.65859375 0.3109375 0.1765625 0.1953125
0 0.80078125 0.3546875 0.1578125 0.1828125
0 0.9140625 0.41640625 0.171875 0.20625
0 0.2234375 0.271875 0.134375 0.18359375
0 0.34609375 0.32109375 0.18125 0.1953125
0 0.4640625 0.396875 0.16640625 0.1578125
0 0.70234375 0.515625 0.1765625 0.19140625
0 0.834375 0.5640625 0.1625 0.20234375
0 0.15390625 0.41484375 0.16953125 0.17578125
0 0.28984375 0.471875 0.159375 0.16953125
0 0.39453125 0.55625 0.165625 0.175
0 0.5046875 0.63984375 0.1828125 0.18046875
0 0.65078125 0.6984375 0.15859375 0.20234375
0 0.771875 0.75390625 0.14765625 0.18203125
0 0.90234375 0.8109375 0.1625 0.1765625
0 0.14375 0.58515625 0.15546875 0.18671875
0 0.25390625 0.65625 0.16640625 0.1828125
0 0.346875 0.71953125 0.153125 0.175
0 0.4796875 0.7875 0.16015625 0.17109375
0 0.25 0.83515625 0.1578125 0.15859375
0 0.86484375 0.93125 0.17578125 0.13671875