0 0.26640625 0.128125 0.20703125 0.19765625
0 0.3484375 0.25703125 0.18671875 0.16796875
0 0.44765625 0.14140625 0.2 0.19140625
0 0.54609375 0.21171875 0.16875 0.13671875
0 0.434375 0.3234375 0.13828125 0.1453125
0 0.584375 0.3390625 0.17890625 0.17734375
0 0.64453125 0.1140625 0.171875 0.17421875
0 0.715625 0.21640625 0.1953125 0.20078125
0 0.8265625 0.09609375 0.15546875 0.18046875
0 0.909375 0.21953125 0.18125 0.2046875
0 0.09453125 0.47734375 0.18671875 0.16640625
0 0.125 0.61796875 0.15390625 0.17265625
0 0.25625 0.7265625 0.17890625 0.19375
0 0.12578125 0.7703125 0.14296875 0.159375
0 0.43046875 0.640625 0.140625 0.1828125
0 0.53828125 0.6546875 0.13359375 0.18125
0 0.5390625 0.78984375 0.16171875 0.18515625
0 0.62421875 0.8734375 0.15078125 0.171875
0 0.6578125 0.74140625 0.1484375 0.16328125
0 0.67578125 0.62421875 0.16171875 0.1484375
0 0.7796875 0.69453125 0.1421875 0.1703125
0 0.86640625 0.64453125 0.11875 0.16796875
0 0.75546875 0.834375 0.1828125 0.16015625
0 0.85234375 0.9265625 0.1515625 0.11875