0 0.10703125 0.1875 0.16171875 0.15390625
0 0.2171875 0.259375 0.14921875 0.15546875
0 0.6265625 0.09765625 0.18828125 0.19296875
0 0.76875 0.14765625 0.16015625 0.190625
0 0.6640625 0.3 0.078125 0.07734375
0 0.3515625 0.3 0.12734375 0.1390625
1 0.4765625 0.36953125 0.175 0.1453125
0 0.60546875 0.42421875 0.17890625 0.19296875
0 0.7359375 0.46171875 0.17109375 0.16796875
0 0.88671875 0.4640625 0.1296875 0.125
0 0.12890625 0.3421875 0.16484375 0.1609375
0 0.2578125 0.39453125 0.140625 0.15234375
0 0.3453125 0.440625 0.13984375 0.16875
1 0.47265625 0.5015625 0.17109375 0.16484375
0 0.58203125 0.575 0.17734375 0.16953125
0 0.70859375 0.6171875 0.1421875 0.16171875
0 0.82421875 0.63515625 0.13828125 0.13359375
0 0.10390625 0.48125 0.1265625 0.134375
0 0.2109375 0.534375 0.1390625 0.1640625
0 0.32265625 0.59140625 0.13828125 0.1484375
0 0.39375 0.66328125 0.153125 0.13359375
0 0.50703125 0.71484375 0.146875 0.1484375
0 0.6 0.75 0.17578125 0.1390625
0 0.7109375 0.79921875 0.11640625 0.14921875
0 0.8890625 0.86640625 0.1671875 0.15859375
0 0.13671875 0.67734375 0.16953125 0.1875
1 0.253125 0.7359375 0.0875 0.11015625
0 0.36015625 0.80859375 0.1625 0.2
0 0.45703125 0.87421875 0.12734375 0.18046875
0 0.596875 0.91171875 0.1796875 0.1765625