0 0.18046875 0.1921875 0.16796875 0.18671875
0 0.3109375 0.240625 0.18515625 0.184375
0 0.4578125 0.1140625 0.1390625 0.184375
0 0.59765625 0.1625 0.17890625 0.1875
0 0.8890625 0.11171875 0.16953125 0.16796875
1 0.79453125 0.2328125 0.19453125 0.18671875
0 0.92578125 0.24609375 0.14765625 0.146875
0 0.90234375 0.3578125 0.1546875 0.14140625
0 0.7390625 0.33515625 0.16484375 0.16328125
0 0.58984375 0.315625 0.1625 0.15
0 0.4390625 0.2734375 0.14140625 0.1609375
0 0.21640625 0.3609375 0.15703125 0.153125
0 0.3421875 0.409375 0.10078125 0.09921875
0 0.59296875 0.4765625 0.1609375 0.16640625
0 0.71171875 0.48125 0.13515625 0.171875
0 0.8390625 0.49375 0.1515625 0.17421875
1 0.1171875 0.534375 0.09140625 0.10625
1 0.26015625 0.53984375 0.140625 0.1484375
0 0.33984375 0.6078125 0.12109375 0.16015625
0 0.43046875 0.615625 0.09765625 0.15625
0 0.53359375 0.64140625 0.15703125 0.2
0 0.6515625 0.653125 0.11171875 0.1296875
0 0.75703125 0.67109375 0.140625 0.1828125
0 0.88515625 0.67890625 0.16015625 0.17578125
0 0.11953125 0.77109375 0.1203125 0.11328125
0 0.42734375 0.81640625 0.12578125 0.14140625
0 0.56015625 0.84140625 0.1875 0.171875
0 0.8140625 0.8515625 0.18046875 0.18125