0 0.1609375 0.25546875 0.1796875 0.1828125
0 0.3046875 0.2171875 0.13984375 0.13515625
0 0.43828125 0.209375 0.16484375 0.1328125
0 0.56015625 0.2109375 0.1328125 0.1625
0 0.678125 0.25703125 0.1578125 0.18515625
0 0.80625 0.23515625 0.15625 0.16328125
0 0.1109375 0.5375 0.15625 0.18359375
0 0.16328125 0.41640625 0.146875 0.16015625
0 0.2890625 0.36796875 0.16484375 0.1625
0 0.42578125 0.3484375 0.1484375 0.1703125
0 0.5375 0.3453125 0.12734375 0.1109375
0 0.65 0.39140625 0.14140625 0.15625
0 0.76015625 0.41015625 0.16875 0.171875
0 0.89296875 0.32578125 0.14140625 0.1421875
0 0.871875 0.4734375 0.13515625 0.1625
0 0.25390625 0.49296875 0.0921875 0.09609375
0 0.36875 0.46484375 0.0890625 0.0921875
0 0.4875 0.48984375 0.1109375 0.103125
0 0.6125 0.51875 0.11328125 0.1015625
0 0.70703125 0.5984375 0.16640625 0.21796875
0 0.82109375 0.65390625 0.18984375 0.1765625
0 0.89296875 0.78125 0.16796875 0.15625
0 0.378125 0.8609375 0.2 0.21015625
0 0.5140625 0.85625 0.16640625 0.1796875