0 0.17734375 0.08984375 0.16171875 0.16796875
0 0.09765625 0.2453125 0.13046875 0.1515625
0 0.21875 0.23203125 0.1375 0.14921875
0 0.4296875 0.10078125 0.1703125 0.1734375
0 0.35546875 0.2453125 0.13984375 0.1453125
0 0.065625 0.36875 0.1171875 0.12890625
0 0.184375 0.371875 0.13515625 0.1578125
0 0.28984375 0.3734375 0.125 0.1484375
0 0.39453125 0.390625 0.14296875 0.14609375
0 0.5015625 0.3921875 0.11484375 0.13046875
0 0.49921875 0.278125 0.1765625 0.1515625
0 0.56328125 0.17109375 0.13671875 0.13359375
0 0.6265625 0.2640625 0.07421875 0.10390625
0 0.6984375 0.2890625 0.140625 0.11328125
0 0.7578125 0.065625 0.11171875 0.11953125
0 0.8484375 0.11015625 0.1203125 0.14140625
0 0.875 0.31171875 0.1640625 0.16796875
0 0.61484375 0.41796875 0.1 0.13359375
0 0.7203125 0.39765625 0.10390625 0.13125
0 0.821875 0.421875 0.109375 0.1203125
0 0.8390625 0.71015625 0.10546875 0.1546875
0 0.74921875 0.696875 0.115625 0.1625
0 0.64375 0.69453125 0.1203125 0.16328125
0 0.4671875 0.871875 0.15546875 0.16953125
0 0.2859375 0.85 0.15234375 0.12109375
0 0.37578125 0.796875 0.13125 0.1296875
0 0.1984375 0.93671875 0.121875 0.12109375
0 0.11484375 0.85234375 0.12265625 0.13828125
0 0.21015625 0.778125 0.121875 0.1484375
0 0.1421875 0.68515625 0.14453125 0.153125