0 0.20078125 0.12890625 0.17734375 0.18828125
0 0.0828125 0.115625 0.11640625 0.14921875
0 0.49375 0.0875 0.11875 0.17109375
0 0.60625 0.11796875 0.13984375 0.153125
0 0.76171875 0.15 0.1484375 0.1453125
0 0.5296875 0.2359375 0.13203125 0.13515625
0 0.653125 0.26328125 0.121875 0.13515625
0 0.75234375 0.30625 0.1546875 0.1640625
0 0.721875 0.5234375 0.159375 0.184375
0 0.61328125 0.4328125 0.1671875 0.1625
0 0.48125 0.38828125 0.1390625 0.1328125
0 0.76484375 0.8625 0.1609375 0.1515625
0 0.47890625 0.81953125 0.14375 0.16328125
0 0.696875 0.73828125 0.13515625 0.16484375
0 0.62578125 0.61875 0.11953125 0.13671875
0 0.5328125 0.53046875 0.13984375 0.13828125
0 0.415625 0.47578125 0.128125 0.11015625
0 0.29921875 0.47578125 0.125 0.140625
0 0.4015625 0.76796875 0.0953125 0.13046875
0 0.3140625 0.74296875 0.1203125 0.1359375
0 0.203125 0.72734375 0.11171875 0.15
0 0.09375 0.72578125 0.14140625 0.13203125
0 0.37265625 0.928125 0.09453125 0.09453125
0 0.240625 0.87109375 0.0890625 0.1125
0 0.125 0.8640625 0.10546875 0.06796875
0 0.19296875 0.4640625 0.115625 0.1546875
0 0.121875 0.31640625 0.17734375 0.17265625
0 0.07578125 0.42265625 0.11796875 0.11484375