0 0.27265625 0.17734375 0.1703125 0.1828125
0 0.39453125 0.22578125 0.15703125 0.184375
0 0.50859375 0.1421875 0.1421875 0.165625
0 0.6578125 0.2046875 0.17109375 0.1640625
0 0.82890625 0.17109375 0.16484375 0.16015625
0 0.9140625 0.22265625 0.11953125 0.134375
0 0.79765625 0.27734375 0.1265625 0.1453125
0 0.65625 0.32421875 0.14609375 0.1359375
0 0.50546875 0.3046875 0.1546875 0.1671875
0 0.26171875 0.340625 0.15390625 0.18046875
0 0.3640625 0.3875 0.18046875 0.17890625
0 0.2625 0.503125 0.1375 0.1578125
0 0.3609375 0.49296875 0.0765625 0.0984375
0 0.51171875 0.41171875 0.16171875 0.13828125
0 0.23203125 0.78515625 0.17421875 0.16875
0 0.40546875 0.7921875 0.1765625 0.1875
0 0.49296875 0.68984375 0.17578125 0.18046875
0 0.615625 0.7515625 0.1453125 0.175
0 0.7109375 0.63984375 0.15703125 0.16640625
0 0.86484375 0.4953125 0.10390625 0.115625
0 0.82578125 0.6796875 0.10078125 0.11875
0 0.7921875 0.75078125 0.12109375 0.14921875
0 0.3078125 0.9046875 0.11875 0.14375
0 0.70546875 0.84765625 0.15625 0.18046875
0 0.903125 0.82109375 0.16015625 0.1640625
0 0.79921875 0.9125 0.1546875 0.175
0 0.4671875 0.8984375 0.15546875 0.18515625