0 0.1875 0.1265625 0.1578125 0.1515625
0 0.14375 0.221875 0.12421875 0.1328125
1 0.27578125 0.20703125 0.14140625 0.1515625
0 0.0703125 0.15703125 0.1234375 0.153125
0 0.44921875 0.16328125 0.140625 0.12578125
0 0.80703125 0.3046875 0.1703125 0.1625
0 0.7109375 0.3734375 0.13671875 0.13203125
0 0.59296875 0.42265625 0.14375 0.17578125
0 0.34375 0.428125 0.1078125 0.12890625
1 0.48203125 0.475 0.15625 0.1546875
0 0.11171875 0.49609375 0.10390625 0.10625
0 0.259375 0.54375 0.13515625 0.14375
0 0.16875 0.64453125 0.16328125 0.17421875
0 0.06875 0.67890625 0.09609375 0.1109375
0 0.1453125 0.82578125 0.153125 0.1625
0 0.253125 0.74765625 0.13671875 0.16484375
0 0.3578125 0.68671875 0.1546875 0.17265625
0 0.4859375 0.61640625 0.14296875 0.16328125
0 0.32421875 0.87578125 0.16484375 0.17890625
0 0.41953125 0.7890625 0.14296875 0.1609375
0 0.54609375 0.771875 0.12734375 0.16484375
0 0.6640625 0.9 0.0828125 0.0859375
0 0.23828125 0.93203125 0.10078125 0.12578125
0 0.809375 0.925 0.146875 0.1390625
0 0.78203125 0.81484375 0.17421875 0.15859375
0 0.89375 0.8625 0.11640625 0.14140625
1 0.68671875 0.70859375 0.17578125 0.1875
1 0.8765625 0.6921875 0.134375 0.15078125
0 0.66640625 0.50625 0.15078125 0.165625
0 0.803125 0.46171875 0.1578125 0.16875
0 0.77109375 0.60390625 0.06875 0.07421875