0 0.18984375 0.13359375 0.13828125 0.12109375
0 0.28203125 0.08984375 0.11171875 0.12109375
0 0.3484375 0.17578125 0.16328125 0.16171875
0 0.4765625 0.1265625 0.15390625 0.1578125
0 0.58515625 0.10703125 0.12109375 0.12421875
0 0.52734375 0.2375 0.16875 0.14921875
0 0.71640625 0.17421875 0.1578125 0.1828125
0 0.171875 0.2671875 0.1515625 0.1640625
0 0.2328125 0.3890625 0.17109375 0.165625
0 0.3984375 0.35 0.1796875 0.178125
0 0.534375 0.3578125 0.1359375 0.1453125
0 0.73203125 0.32265625 0.14140625 0.16171875
0 0.84453125 0.23515625 0.146875 0.16328125
0 0.634375 0.41171875 0.14140625 0.16171875
0 0.73671875 0.46328125 0.1203125 0.14296875
0 0.825 0.35859375 0.10859375 0.1359375
0 0.9171875 0.41640625 0.11640625 0.1328125
0 0.87578125 0.5015625 0.1359375 0.13046875
0 0.1890625 0.4796875 0.17578125 0.1671875
0 0.31171875 0.5125 0.1328125 0.1546875
0 0.453125 0.45 0.16328125 0.16484375
0 0.53984375 0.5140625 0.12734375 0.13984375
0 0.6515625 0.55546875 0.11796875 0.11796875
0 0.72421875 0.6328125 0.1265625 0.1328125
0 0.21875 0.6015625 0.14921875 0.165625
0 0.1125 0.68828125 0.14296875 0.16484375
0 0.23671875 0.6859375 0.1140625 0.1203125
0 0.32421875 0.6421875 0.1 0.11796875
0 0.36796875 0.71953125 0.12734375 0.125
0 0.44765625 0.56953125 0.1140625 0.11640625
0 0.634375 0.69140625 0.078125 0.09609375
0 0.77734375 0.72109375 0.0671875 0.08203125
0 0.8953125 0.7828125 0.1484375 0.18515625
0 0.6984375 0.78984375 0.0703125 0.0671875
0 0.565625 0.78828125 0.1 0.103125
0 0.62734375 0.86875 0.13828125 0.14921875
0 0.790625 0.8703125 0.14140625 0.146875
0 0.73828125 0.9390625 0.1390625 0.121875
0 0.4765625 0.9046875 0.10546875 0.11640625
0 0.240625 0.771875 0.1109375 0.10546875
0 0.1359375 0.85625 0.109375 0.134375
0 0.06015625 0.9203125 0.1203125 0.15390625