0 0.31640625 0.1296875 0.13515625 0.14140625
0 0.2109375 0.22109375 0.18515625 0.1734375
0 0.39375 0.2359375 0.1796875 0.16015625
0 0.3140625 0.31875 0.1375 0.13125
0 0.2109375 0.403125 0.16875 0.18984375
0 0.321875 0.475 0.1859375 0.1796875
0 0.42578125 0.35078125 0.1625 0.16953125
0 0.22265625 0.59921875 0.16953125 0.203125
0 0.33515625 0.64140625 0.13828125 0.1640625
0 0.43203125 0.565625 0.1421875 0.13046875
0 0.465625 0.48515625 0.12578125 0.109375
0 0.45078125 0.68125 0.12578125 0.10703125
0 0.24375 0.71640625 0.14296875 0.11796875
0 0.21875 0.8265625 0.134375 0.125
0 0.3203125 0.92578125 0.09375 0.08046875
1 0.42578125 0.84375 0.11875 0.103125
0 0.49609375 0.79375 0.12578125 0.128125
0 0.615625 0.8375 0.128125 0.128125
0 0.61171875 0.7046875 0.1296875 0.11328125
0 0.75078125 0.9046875 0.09140625 0.0921875
0 0.88046875 0.95625 0.0546875 0.05390625
0 0.959375 0.8796875 0.0671875 0.07734375
0 0.86640625 0.83515625 0.08984375 0.10546875
1 0.80078125 0.74453125 0.1234375 0.14375
0 0.7171875 0.653125 0.178125 0.16796875
0 0.8609375 0.55859375 0.18046875 0.1890625
0 0.55546875 0.5703125 0.1375 0.17109375
0 0.65546875 0.4890625 0.15 0.14140625
0 0.7515625 0.40546875 0.15 0.17578125
0 0.51953125 0.29765625 0.0734375 0.08515625
1 0.60859375 0.35625 0.1625 0.16171875
0 0.69609375 0.2625 0.1 0.10625
0 0.828125 0.30859375 0.09609375 0.11796875
0 0.9328125 0.24375 0.11640625 0.11484375
0 0.7984375 0.1609375 0.1515625 0.1859375
0 0.61171875 0.184375 0.1953125 0.196875
0 0.4703125 0.146875 0.17421875 0.18203125
0 0.70859375 0.08984375 0.153125 0.17890625
0 0.90390625 0.0703125 0.15 0.140625