0 0.13515625 0.10234375 0.109375 0.14921875
0 0.2328125 0.2265625 0.0703125 0.08984375
0 0.13515625 0.32578125 0.06796875 0.10546875
0 0.04765625 0.421875 0.0828125 0.0984375
0 0.1234375 0.51953125 0.15625 0.2
0 0.20546875 0.415625 0.16953125 0.1421875
0 0.24296875 0.52890625 0.16015625 0.18515625
0 0.3546875 0.63046875 0.1828125 0.17890625
0 0.31171875 0.31640625 0.090625 0.10078125
0 0.390625 0.22109375 0.09921875 0.10625
0 0.47265625 0.1453125 0.103125 0.1125
0 0.62421875 0.1109375 0.1421875 0.146875
0 0.79921875 0.11328125 0.13515625 0.1375
0 0.7375 0.1828125 0.13515625 0.12421875
0 0.71640625 0.27265625 0.1140625 0.12421875
0 0.6703125 0.3734375 0.14453125 0.1359375
0 0.88984375 0.325 0.14453125 0.1640625
0 0.7890625 0.5453125 0.11640625 0.11953125
0 0.06640625 0.16484375 0.12109375 0.13984375
0 0.52734375 0.803125 0.18125 0.23984375
0 0.38515625 0.89375 0.11328125 0.1171875
0 0.1921875 0.80625 0.16484375 0.18125
0 0.1 0.89140625 0.171875 0.18046875