0 0.8546875 0.1375 0.17578125 0.196875
0 0.7296875 0.08828125 0.16484375 0.17421875
0 0.94140625 0.30625 0.11640625 0.1390625
0 0.54140625 0.12578125 0.1828125 0.18359375
0 0.63828125 0.20625 0.1234375 0.128125
0 0.7359375 0.28046875 0.128125 0.12734375
0 0.83203125 0.4078125 0.11328125 0.1359375
0 0.92890625 0.51171875 0.109375 0.11953125
0 0.34375 0.134375 0.19296875 0.19453125
0 0.4328125 0.22265625 0.1609375 0.17734375
0 0.52578125 0.31015625 0.17265625 0.18125
0 0.72578125 0.49765625 0.16640625 0.1859375
0 0.8 0.596875 0.1234375 0.1015625
0 0.91171875 0.6984375 0.16484375 0.16484375
0 0.234375 0.23984375 0.1703125 0.17265625
0 0.1015625 0.07265625 0.0984375 0.0953125
0 0.19296875 0.12734375 0.0546875 0.053125
0 0.35625 0.34140625 0.11640625 0.1390625
0 0.19375 0.34921875 0.1078125 0.09140625
0 0.2828125 0.38671875 0.12734375 0.12578125
0 0.52109375 0.51875 0.16796875 0.16484375
0 0.603125 0.615625 0.13515625 0.14296875
0 0.4203125 0.6265625 0.18359375 0.16796875
0 0.32109375 0.53984375 0.184375 0.190625
0 0.221875 0.4734375 0.0921875 0.10234375
0 0.11796875 0.45078125 0.16015625 0.15078125
0 0.15859375 0.5671875 0.13984375 0.16015625
0 0.32109375 0.7515625 0.1921875 0.184375
0 0.4046875 0.82734375 0.15 0.15859375
0 0.5234375 0.71640625 0.11640625 0.1140625
0 0.5953125 0.82890625 0.1828125 0.2046875
0 0.809375 0.81796875 0.1375 0.1515625
0 0.89921875 0.90703125 0.140625 0.14609375
0 0.709375 0.8984375 0.17109375 0.1515625
0 0.2 0.85 0.15 0.184375
0 0.1171875 0.7546875 0.159375 0.1890625
0 0.46640625 0.02890625 0.0703125 0.0578125