0 0.09609375 0.134375 0.17265625 0.196875
0 0.07421875 0.4078125 0.11171875 0.13828125
0 0.18984375 0.31484375 0.10546875 0.1265625
0 0.2640625 0.2296875 0.13515625 0.1453125
0 0.390625 0.13125 0.11484375 0.12734375
0 0.5203125 0.0890625 0.14375 0.1375
0 0.51875 0.203125 0.1828125 0.15078125
0 0.5015625 0.31875 0.159375 0.14375
0 0.6515625 0.17265625 0.07109375 0.08046875
0 0.34921875 0.3640625 0.12578125 0.12578125
0 0.26484375 0.4359375 0.1390625 0.13125
0 0.1671875 0.509375 0.10546875 0.125
0 0.15078125 0.7 0.16015625 0.16015625
0 0.13984375 0.8890625 0.14609375 0.12734375
0 0.24140625 0.7953125 0.17734375 0.1875
0 0.2515625 0.6046875 0.10546875 0.11328125
0 0.33984375 0.5109375 0.1296875 0.1296875
0 0.3984375 0.446875 0.11640625 0.13984375
0 0.50546875 0.43125 0.1296875 0.1375
1 0.66171875 0.2890625 0.125 0.14296875
0 0.63828125 0.390625 0.109375 0.0875
1 0.671875 0.4828125 0.13203125 0.1421875
0 0.32734375 0.67578125 0.11640625 0.1203125
0 0.39375 0.62421875 0.11953125 0.1234375
0 0.37265625 0.771875 0.11015625 0.128125
0 0.4296875 0.70625 0.08046875 0.12109375
0 0.50625 0.70546875 0.10703125 0.12578125
0 0.5015625 0.81328125 0.11171875 0.10234375
0 0.503125 0.92265625 0.11015625 0.11328125
0 0.3015625 0.86640625 0.13125 0.1453125
0 0.88203125 0.41328125 0.140625 0.134375
0 0.8953125 0.54140625 0.15078125 0.14140625
0 0.89375 0.70703125 0.14296875 0.13515625
0 0.94375 0.65234375 0.11171875 0.134375
1 0.690625 0.6140625 0.0953125 0.1109375
1 0.659375 0.7109375 0.11953125 0.11953125
0 0.91484375 0.81796875 0.12421875 0.15546875
0 0.81953125 0.896875 0.2015625 0.19921875
1 0.6359375 0.8046875 0.1296875 0.1296875
0 0.63515625 0.91640625 0.13359375 0.1375
0 0.359375 0.9546875 0.109375 0.090625