0 0.84921875 0.16796875 0.16015625 0.18046875
0 0.58671875 0.1078125 0.12890625 0.14296875
0 0.63984375 0.20546875 0.11953125 0.12734375
0 0.915625 0.278125 0.15546875 0.17734375
0 0.8609375 0.434375 0.1703125 0.14140625
0 0.6390625 0.33671875 0.1 0.115625
0 0.65078125 0.45859375 0.115625 0.13359375
0 0.90546875 0.55546875 0.1765625 0.18515625
0 0.23125 0.146875 0.1515625 0.134375
0 0.3578125 0.2109375 0.10703125 0.09609375
0 0.44296875 0.29765625 0.128125 0.1328125
1 0.23203125 0.26328125 0.0765625 0.08046875
0 0.32734375 0.34296875 0.12578125 0.13125
0 0.43046875 0.42578125 0.13671875 0.1359375
0 0.43671875 0.56875 0.1421875 0.16640625
0 0.3078125 0.465625 0.11875 0.128125
1 0.32578125 0.59609375 0.121875 0.09609375
0 0.3671875 0.68984375 0.1375 0.12890625
0 0.44765625 0.784375 0.1625 0.171875
0 0.52578125 0.8890625 0.1671875 0.1765625
0 0.35390625 0.87421875 0.0984375 0.1078125
1 0.29375 0.8 0.15234375 0.1671875
0 0.2484375 0.7015625 0.08203125 0.09453125
0 0.19296875 0.64453125 0.12109375 0.1296875
0 0.2359375 0.921875 0.175 0.15546875
0 0.75 0.7 0.14296875 0.146875
0 0.7703125 0.83671875 0.115625 0.1390625
0 0.87890625 0.76171875 0.1609375 0.1625
0 0.78984375 0.9390625 0.1453125 0.12109375
0 0.9171875 0.86796875 0.165625 0.1828125
0 0.1109375 0.42421875 0.12890625 0.14140625
0 0.1328125 0.534375 0.1453125 0.15625
0 0.13203125 0.7046875 0.1484375 0.1296875
0 0.15546875 0.81796875 0.12421875 0.14765625
0 0.0796875 0.90625 0.15625 0.178125