0 0.7875 0.1109375 0.2078125 0.209375
0 0.87109375 0.21015625 0.18984375 0.19921875
0 0.46171875 0.1421875 0.1703125 0.22734375
0 0.5703125 0.19375 0.12890625 0.21171875
0 0.67890625 0.2078125 0.2 0.2140625
0 0.78046875 0.31875 0.196875 0.165625
0 0.85390625 0.40078125 0.18671875 0.1828125
0 0.3078125 0.13203125 0.12109375 0.1203125
0 0.38671875 0.23125 0.153125 0.16796875
0 0.48046875 0.34609375 0.2 0.19609375
0 0.56875 0.41640625 0.121875 0.10625
0 0.68984375 0.425 0.19296875 0.19140625
0 0.76328125 0.52265625 0.1390625 0.171875
0 0.85703125 0.584375 0.1984375 0.17421875
0 0.91875 0.69140625 0.1625 0.17890625
0 0.46171875 0.47890625 0.159375 0.1375
0 0.5484375 0.55390625 0.1375 0.13125
0 0.66875 0.61796875 0.1765625 0.18828125
0 0.74765625 0.68203125 0.184375 0.16640625
0 0.821875 0.803125 0.19921875 0.18671875
0 0.9203125 0.884375 0.159375 0.190625
0 0.73671875 0.903125 0.1640625 0.16796875
0 0.6484375 0.809375 0.1890625 0.2
0 0.3125 0.296875 0.171875 0.18828125
0 0.23046875 0.18984375 0.109375 0.109375
0 0.20390625 0.70546875 0.21875 0.21953125
0 0.21796875 0.8109375 0.140625 0.14296875
0 0.21796875 0.91015625 0.1234375 0.08125