0 0.1390625 0.1390625 0.1421875 0.13515625
0 0.20078125 0.20625 0.12109375 0.15
0 0.3015625 0.103125 0.1265625 0.14921875
0 0.36484375 0.2015625 0.1078125 0.103125
0 0.50234375 0.05859375 0.1078125 0.096875
1 0.634375 0.05234375 0.13125 0.1046875
0 0.496875 0.16328125 0.11875 0.11484375
0 0.634375 0.15 0.12578125 0.1390625
0 0.82109375 0.1390625 0.1875 0.18671875
0 0.90703125 0.246875 0.13203125 0.1140625
0 0.63359375 0.25234375 0.1484375 0.13203125
0 0.49140625 0.2609375 0.11796875 0.12421875
0 0.46796875 0.3640625 0.1078125 0.1390625
0 0.6109375 0.38359375 0.10703125 0.1390625
0 0.7234375 0.39453125 0.1546875 0.18984375
1 0.8234375 0.296875 0.1328125 0.115625
0 0.86171875 0.42890625 0.15078125 0.140625
0 0.9078125 0.5375 0.15546875 0.15703125
1 0.8046875 0.59375 0.18046875 0.171875
1 0.878125 0.8203125 0.184375 0.178125
1 0.5859375 0.85703125 0.196875 0.19375
1 0.74765625 0.903125 0.18515625 0.16796875
0 0.48359375 0.9140625 0.1625 0.17109375
1 0.3984375 0.4640625 0.1109375 0.11640625
0 0.26328125 0.5296875 0.190625 0.20546875
0 0.1671875 0.41015625 0.1796875 0.1734375
0 0.08125 0.31328125 0.16171875 0.16328125
0 0.06171875 0.5546875 0.1234375 0.12109375
0 0.16328125 0.640625 0.18984375 0.21328125