0 0.1765625 0.21796875 0.18359375 0.203125
0 0.12421875 0.39609375 0.18046875 0.19609375
0 0.23984375 0.30234375 0.16640625 0.16875
1 0.35625 0.23203125 0.165625 0.19765625
0 0.28828125 0.4359375 0.18046875 0.18046875
0 0.19140625 0.51796875 0.16171875 0.13203125
0 0.121875 0.6984375 0.17890625 0.17109375
0 0.20546875 0.79609375 0.1578125 0.19765625
0 0.0796875 0.89375 0.15859375 0.14140625
0 0.38515625 0.53359375 0.17421875 0.18359375
0 0.4421875 0.34921875 0.17421875 0.19375
0 0.49140625 0.15546875 0.1515625 0.17890625
0 0.5890625 0.09921875 0.20546875 0.19140625
0 0.5765625 0.26328125 0.19765625 0.19140625
1 0.52578125 0.4703125 0.19140625 0.18125
0 0.59921875 0.56953125 0.1609375 0.15390625
0 0.46640625 0.646875 0.19140625 0.19609375
0 0.3328125 0.7265625 0.1875 0.190625
0 0.40234375 0.82421875 0.17265625 0.1609375
0 0.27890625 0.909375 0.15859375 0.1734375
0 0.4625 0.9125 0.1359375 0.1578125
0 0.57421875 0.80234375 0.15390625 0.140625
0 0.75234375 0.81640625 0.19296875 0.16328125
0 0.70703125 0.70078125 0.14296875 0.13671875
0 0.865625 0.72265625 0.1703125 0.1609375
0 0.834375 0.59921875 0.1515625 0.140625
0 0.940625 0.50234375 0.11875 0.1390625
0 0.67109375 0.38046875 0.1390625 0.14453125
0 0.7515625 0.30546875 0.146875 0.16875
0 0.853125 0.2421875 0.1734375 0.18828125
0 0.75625 0.153125 0.1515625 0.1890625
0 0.88515625 0.396875 0.1484375 0.14296875