0 0.24140625 0.0703125 0.1703125 0.140625
0 0.253125 0.18125 0.19140625 0.1578125
0 0.146875 0.415625 0.1671875 0.18203125
0 0.2703125 0.3140625 0.18359375 0.14765625
0 0.3921875 0.24375 0.1703125 0.18203125
0 0.29375 0.44140625 0.16875 0.2078125
0 0.19921875 0.53203125 0.14140625 0.13515625
0 0.1609375 0.66171875 0.15625 0.1734375
0 0.16640625 0.82265625 0.1640625 0.1703125
0 0.28984375 0.90703125 0.1609375 0.1859375
0 0.2875 0.7390625 0.14609375 0.159375
0 0.3265625 0.61015625 0.18515625 0.18046875
0 0.42109375 0.53671875 0.1671875 0.1703125
0 0.434375 0.4046875 0.14453125 0.15234375
0 0.38671875 0.078125 0.13984375 0.15625
0 0.51171875 0.16953125 0.19140625 0.21953125
0 0.5171875 0.3265625 0.13828125 0.1265625
0 0.5375 0.47265625 0.1328125 0.1625
0 0.603125 0.2515625 0.121875 0.128125
0 0.67421875 0.2125 0.0921875 0.1171875
0 0.6375 0.08671875 0.1640625 0.17265625
0 0.76953125 0.1453125 0.14921875 0.13828125
0 0.66484375 0.38515625 0.1765625 0.18984375
0 0.76484375 0.2953125 0.1390625 0.16015625
0 0.79296875 0.45078125 0.19375 0.19140625
0 0.66484375 0.51953125 0.11953125 0.13359375
0 0.546875 0.61875 0.1453125 0.13671875
0 0.409375 0.7828125 0.15078125 0.171875
0 0.521875 0.70234375 0.115625 0.14296875
0 0.528125 0.846875 0.13046875 0.16484375
0 0.4265625 0.925 0.1359375 0.15
0 0.65 0.8953125 0.1546875 0.16015625
0 0.6453125 0.78203125 0.14765625 0.1078125
0 0.65859375 0.65703125 0.14453125 0.171875
0 0.815625 0.6109375 0.17109375 0.2078125
0 0.78046875 0.803125 0.1328125 0.14765625
0 0.88984375 0.81875 0.14453125 0.1546875
0 0.909375 0.3765625 0.17109375 0.18125
0 0.90625 0.2203125 0.14375 0.1625