0 0.1375 0.21171875 0.15546875 0.16171875
0 0.146875 0.3734375 0.17109375 0.1625
0 0.159375 0.52734375 0.13671875 0.1578125
0 0.29375 0.56328125 0.16328125 0.19140625
0 0.175 0.6828125 0.18984375 0.17578125
0 0.1328125 0.8203125 0.14921875 0.153125
0 0.18671875 0.91328125 0.1328125 0.13359375
0 0.24765625 0.81484375 0.09765625 0.140625
0 0.30703125 0.9296875 0.109375 0.11484375
0 0.371875 0.784375 0.1671875 0.15625
0 0.45078125 0.9109375 0.1625 0.15703125
0 0.40625 0.20859375 0.15703125 0.1734375
0 0.459375 0.3265625 0.11796875 0.1296875
0 0.51640625 0.44140625 0.16953125 0.1625
0 0.60703125 0.56171875 0.1765625 0.1671875
0 0.54453125 0.12734375 0.16171875 0.13515625
0 0.64609375 0.0859375 0.1359375 0.13515625
0 0.590625 0.259375 0.19609375 0.15234375
0 0.6640625 0.3765625 0.20390625 0.2015625
0 0.76484375 0.49296875 0.14921875 0.1671875
0 0.68125 0.6890625 0.159375 0.1953125
0 0.77890625 0.7921875 0.1671875 0.178125
0 0.8296875 0.640625 0.13984375 0.1734375
0 0.86171875 0.4390625 0.1265625 0.1859375
0 0.80859375 0.2828125 0.2015625 0.16484375
0 0.71015625 0.18359375 0.1390625 0.14765625
0 0.846875 0.13359375 0.14765625 0.1390625
0 0.93203125 0.21953125 0.1359375 0.16328125