0 0.13125 0.06796875 0.14921875 0.13515625
0 0.18125 0.15 0.1265625 0.12265625
0 0.1640625 0.25234375 0.1640625 0.1609375
0 0.159375 0.41484375 0.17265625 0.20625
0 0.309375 0.28125 0.1609375 0.196875
0 0.296875 0.14921875 0.14375 0.1375
0 0.44921875 0.15859375 0.159375 0.178125
0 0.3015625 0.46640625 0.19453125 0.1953125
0 0.55625 0.246875 0.1671875 0.18125
0 0.43125 0.32890625 0.13828125 0.18359375
0 0.415625 0.509375 0.1765625 0.20859375
0 0.534375 0.4171875 0.15546875 0.178125
0 0.64609375 0.3078125 0.140625 0.13828125
0 0.7296875 0.3890625 0.17734375 0.20546875
0 0.64140625 0.521875 0.21015625 0.20546875
0 0.62890625 0.6875 0.2234375 0.2015625
0 0.76484375 0.6046875 0.1640625 0.2359375
0 0.8921875 0.6234375 0.13984375 0.17578125
0 0.85703125 0.47421875 0.15859375 0.1734375
0 0.88984375 0.7734375 0.146875 0.1640625
0 0.75546875 0.76875 0.08125 0.096875
0 0.1734375 0.62421875 0.165625 0.19375
0 0.27578125 0.69609375 0.15390625 0.2125
0 0.37734375 0.778125 0.184375 0.23203125
0 0.51484375 0.83828125 0.1765625 0.225
0 0.6390625 0.8703125 0.1671875 0.21328125
0 0.7671875 0.9046875 0.16328125 0.18984375
0 0.140625 0.81171875 0.165625 0.17109375