0 0.07421875 0.096875 0.14453125 0.178125
0 0.24921875 0.1328125 0.16015625 0.14375
0 0.4234375 0.13203125 0.16875 0.1890625
0 0.6078125 0.125 0.165625 0.15078125
0 0.79453125 0.11484375 0.13515625 0.16796875
0 0.14765625 0.221875 0.16875 0.19765625
0 0.31640625 0.24140625 0.18515625 0.21171875
0 0.5 0.24296875 0.14921875 0.16015625
0 0.10390625 0.64140625 0.12734375 0.175
0 0.20078125 0.653125 0.1109375 0.159375
0 0.1765625 0.7875 0.18046875 0.17890625
0 0.29921875 0.89453125 0.1984375 0.18984375
0 0.09609375 0.90703125 0.14375 0.153125
0 0.434375 0.55 0.16328125 0.19375
0 0.4609375 0.7078125 0.18828125 0.2078125
0 0.490625 0.8671875 0.16328125 0.16875
0 0.66015625 0.84765625 0.1953125 0.14375
0 0.596875 0.73046875 0.14375 0.17578125
0 0.58046875 0.5953125 0.15 0.1640625
0 0.6671875 0.4953125 0.175 0.153125
0 0.6953125 0.6078125 0.1484375 0.16328125
0 0.79609375 0.46171875 0.14609375 0.1359375
0 0.825 0.59140625 0.1640625 0.17109375
0 0.7296875 0.78046875 0.15546875 0.17890625
0 0.79296875 0.69921875 0.19375 0.1765625