0 0.86640625 0.184375 0.17109375 0.1625
0 0.24609375 0.0765625 0.15703125 0.153125
0 0.359375 0.1390625 0.115625 0.125
0 0.496875 0.2046875 0.1796875 0.19375
0 0.6390625 0.25390625 0.171875 0.18203125
0 0.88515625 0.3421875 0.1609375 0.1640625
0 0.15859375 0.19453125 0.16796875 0.1875
0 0.259375 0.24140625 0.15 0.171875
0 0.33984375 0.27734375 0.1296875 0.14921875
0 0.453125 0.33515625 0.140625 0.1375
0 0.65859375 0.41640625 0.15 0.15625
0 0.7625 0.459375 0.134375 0.1609375
0 0.87265625 0.48203125 0.12421875 0.14765625
0 0.2765625 0.42109375 0.1875 0.203125
0 0.41015625 0.465625 0.15546875 0.16875
0 0.5359375 0.5046875 0.12578125 0.15703125
0 0.66484375 0.5453125 0.14921875 0.14765625
1 0.78984375 0.603125 0.13203125 0.14375
0 0.90546875 0.68046875 0.16328125 0.1890625
0 0.434375 0.65703125 0.14375 0.1734375
0 0.5578125 0.709375 0.16328125 0.17890625
0 0.69296875 0.7875 0.1828125 0.18046875
0 0.82578125 0.86484375 0.17109375 0.17421875
0 0.39453125 0.86171875 0.15390625 0.1546875