0 0.2046875 0.20625 0.16640625 0.175
0 0.34921875 0.24765625 0.13203125 0.1515625
0 0.47890625 0.3359375 0.15703125 0.16171875
0 0.5671875 0.22578125 0.12265625 0.1328125
0 0.6265625 0.1125 0.1546875 0.16796875
0 0.77265625 0.0765625 0.1625 0.15234375
0 0.8546875 0.14921875 0.15625 0.1515625
0 0.74609375 0.23125 0.146875 0.1984375
0 0.8890625 0.28046875 0.1859375 0.1515625
0 0.92109375 0.4359375 0.1578125 0.13125
0 0.5265625 0.44921875 0.15390625 0.13359375
0 0.671875 0.4859375 0.15546875 0.153125
0 0.57578125 0.5609375 0.13984375 0.14921875
0 0.12890625 0.46328125 0.13125 0.12265625
0 0.0765625 0.6375 0.128125 0.12265625
0 0.17734375 0.68515625 0.12890625 0.18515625
0 0.284375 0.73203125 0.16015625 0.184375
1 0.4078125 0.73359375 0.1546875 0.17734375
0 0.5375 0.73125 0.1484375 0.1609375
0 0.66640625 0.7390625 0.14921875 0.1546875
0 0.78359375 0.77578125 0.15234375 0.1546875
0 0.12890625 0.8625 0.16171875 0.15390625
0 0.25 0.8890625 0.12265625 0.14296875
0 0.34453125 0.88671875 0.0984375 0.15
0 0.4171875 0.88203125 0.115625 0.13359375
0 0.52578125 0.884375 0.13828125 0.14609375
0 0.65 0.88203125 0.13671875 0.15234375