0 0.09453125 0.1484375 0.1578125 0.15859375
0 0.13046875 0.28125 0.1890625 0.1546875
0 0.21875 0.18984375 0.13515625 0.16171875
0 0.29765625 0.13046875 0.19453125 0.1984375
0 0.20625 0.34375 0.1515625 0.140625
0 0.1625 0.44296875 0.14296875 0.14296875
0 0.26796875 0.45703125 0.14609375 0.1796875
0 0.3203125 0.30859375 0.165625 0.15859375
0 0.375 0.41171875 0.15625 0.1140625
0 0.4109375 0.2125 0.153125 0.1375
0 0.4359375 0.33203125 0.11171875 0.125
0 0.33125 0.58515625 0.21015625 0.1640625
0 0.43203125 0.53671875 0.15625 0.1625
0 0.48359375 0.44765625 0.11328125 0.12734375
0 0.55859375 0.42890625 0.08828125 0.15859375
0 0.53671875 0.57578125 0.121875 0.1203125
0 0.525 0.65703125 0.18984375 0.13828125
0 0.51796875 0.75859375 0.16796875 0.13828125
0 0.64609375 0.77734375 0.13828125 0.16640625
0 0.59296875 0.8875 0.16328125 0.16484375
0 0.74375 0.87890625 0.16328125 0.20390625
0 0.7671875 0.6828125 0.18359375 0.190625
0 0.62109375 0.5375 0.11328125 0.13984375
0 0.48984375 0.1015625 0.16640625 0.171875
0 0.66484375 0.0859375 0.19375 0.15234375
0 0.64140625 0.22265625 0.24609375 0.19375
0 0.70625 0.32421875 0.203125 0.18984375
0 0.771875 0.3984375 0.1875 0.18828125
0 0.80859375 0.178125 0.15859375 0.2046875
0 0.859375 0.88203125 0.11953125 0.1453125
0 0.87578125 0.4765625 0.07265625 0.084375