0 0.825 0.10703125 0.1640625 0.1828125
0 0.39765625 0.09921875 0.14453125 0.13671875
0 0.62421875 0.19296875 0.1265625 0.12109375
0 0.75234375 0.26484375 0.1078125 0.1046875
0 0.4640625 0.23984375 0.134375 0.1421875
0 0.5359375 0.2953125 0.10859375 0.1203125
0 0.64140625 0.36640625 0.1421875 0.1546875
0 0.746875 0.4171875 0.12734375 0.11328125
0 0.79765625 0.5 0.084375 0.1109375
0 0.88046875 0.5296875 0.096875 0.1109375
0 0.30390625 0.59921875 0.1421875 0.15625
0 0.58046875 0.72265625 0.15703125 0.1359375
0 0.78359375 0.7421875 0.159375 0.15234375
0 0.253125 0.27734375 0.096875 0.0984375
0 0.8859375 0.765625 0.11484375 0.1125