0 0.1375 0.10859375 0.1703125 0.1640625
0 0.24765625 0.13046875 0.121875 0.1515625
0 0.33984375 0.12734375 0.1015625 0.14375
0 0.41875 0.121875 0.1234375 0.1359375
0 0.5375 0.12421875 0.1375 0.14140625
0 0.6484375 0.11875 0.13046875 0.14765625
0 0.74140625 0.1640625 0.16640625 0.18203125
0 0.85 0.2125 0.17265625 0.2109375
0 0.1765625 0.253125 0.16171875 0.16484375
0 0.3046875 0.24296875 0.1265625 0.12890625
0 0.4328125 0.22265625 0.13828125 0.1109375
0 0.565625 0.2328125 0.15625 0.11171875
0 0.1453125 0.36171875 0.13671875 0.1328125
0 0.3 0.346875 0.14921875 0.13984375
0 0.43125 0.33359375 0.14140625 0.1453125
0 0.5515625 0.3515625 0.1484375 0.15078125
0 0.684375 0.43828125 0.14609375 0.15234375
0 0.80859375 0.5125 0.15390625 0.16875
0 0.290625 0.4859375 0.1671875 0.15234375
0 0.41328125 0.4734375 0.14609375 0.14765625
0 0.52578125 0.50546875 0.15078125 0.15703125
0 0.65078125 0.571875 0.15078125 0.171875
0 0.74453125 0.64609375 0.1765625 0.15859375
0 0.11953125 0.6734375 0.17265625 0.1890625
0 0.23203125 0.6671875 0.1203125 0.15859375
0 0.36875 0.65234375 0.1421875 0.16953125
0 0.4796875 0.678125 0.12421875 0.1453125
0 0.5828125 0.72421875 0.16328125 0.1796875
0 0.75546875 0.828125 0.1234375 0.12265625
0 0.846875 0.86640625 0.11796875 0.14296875
0 0.18125 0.85234375 0.15625 0.1859375
0 0.4234375 0.8703125 0.1421875 0.14453125
0 0.56015625 0.9328125 0.1359375 0.134375