0 0.09453125 0.21328125 0.16796875 0.2171875
0 0.21640625 0.22421875 0.15859375 0.20859375
0 0.590625 0.1296875 0.16171875 0.159375
0 0.73984375 0.121875 0.1765625 0.20859375
0 0.86015625 0.12890625 0.12734375 0.13984375
0 0.77890625 0.27578125 0.21640625 0.196875
0 0.9078125 0.29609375 0.0921875 0.11171875
0 0.8546875 0.42890625 0.13515625 0.13203125
0 0.73203125 0.41328125 0.1359375 0.10390625
0 0.709375 0.51171875 0.18828125 0.15703125
0 0.82890625 0.55625 0.12265625 0.14296875
0 0.30234375 0.52109375 0.140625 0.1140625
0 0.18203125 0.5890625 0.18046875 0.1703125
0 0.28359375 0.76328125 0.125 0.14765625
0 0.38828125 0.78828125 0.13359375 0.19765625
0 0.5 0.83671875 0.13515625 0.1828125
0 0.6046875 0.87734375 0.14921875 0.18515625
0 0.76796875 0.90859375 0.16015625 0.14609375
0 0.196875 0.89296875 0.17578125 0.1875
0 0.0828125 0.8546875 0.12578125 0.12890625