0 0.42421875 0.06015625 0.11796875 0.1203125
0 0.559375 0.08515625 0.18359375 0.16171875
0 0.79921875 0.09140625 0.16015625 0.1765625
0 0.93125 0.084375 0.1375 0.146875
0 0.3046875 0.20625 0.0984375 0.10546875
0 0.39765625 0.20703125 0.090625 0.121875
0 0.48671875 0.23125 0.10859375 0.14375
0 0.60234375 0.25078125 0.1203125 0.1390625
0 0.7296875 0.2453125 0.1609375 0.1765625
0 0.85625 0.24921875 0.13359375 0.15078125
0 0.8171875 0.3625 0.14375 0.13671875
0 0.93671875 0.37109375 0.1265625 0.1578125
0 0.55 0.35703125 0.14140625 0.15078125
0 0.415625 0.51015625 0.16953125 0.1765625
0 0.11875 0.34140625 0.15703125 0.178125
0 0.1078125 0.4625 0.13984375 0.15546875
0 0.20546875 0.4140625 0.10625 0.1109375
0 0.19375 0.55 0.1546875 0.17109375
0 0.265625 0.665625 0.1890625 0.1609375
0 0.3078125 0.76796875 0.16328125 0.1265625
0 0.14609375 0.771875 0.17890625 0.17578125
0 0.1796875 0.9125 0.18046875 0.1515625
0 0.34453125 0.89609375 0.146875 0.16015625
0 0.434375 0.65625 0.1578125 0.15546875
0 0.459375 0.79296875 0.125 0.1359375
0 0.56015625 0.60234375 0.17265625 0.1890625
0 0.56875 0.73203125 0.15390625 0.1453125
0 0.675 0.6546875 0.13515625 0.165625
0 0.68515625 0.81875 0.1453125 0.1640625
0 0.7890625 0.753125 0.14609375 0.18125
0 0.90078125 0.68515625 0.14921875 0.15859375
0 0.5515625 0.89296875 0.20078125 0.19140625
0 0.7734375 0.915625 0.1328125 0.13671875
0 0.87734375 0.853125 0.12109375 0.146875